time pknown ts
0 0 -nan
0.05 0 -nan
0.1 0.0172543 0
0.15 0.0226326 0.0118767
0.2 0.028734 0.0281119
0.25 0.033443 0.0398696
0.3 0.0368599 0.0500793
0.35 0.0394722 0.0598419
0.4 0.0413763 0.0703592
0.45 0.0430331 0.0802414
0.5 0.0444145 0.0914594
0.55 0.0455821 0.102191
0.6 0.0465907 0.112161
0.65 0.0474337 0.123437
0.7 0.0482616 0.133694
0.75 0.0489952 0.143453
0.8 0.0497387 0.152278
0.85 0.0504229 0.162067
0.9 0.0509796 0.172456
0.95 0.051531 0.182889
1 0.0519913 0.194809
1.05 0.0524383 0.205161
1.1 0.0528594 0.215928
1.15 0.0532606 0.227408
1.2 0.0536571 0.239425
1.25 0.0540414 0.251993
1.3 0.0544165 0.263374
1.35 0.0547912 0.275143
1.4 0.0551259 0.287466
1.45 0.0554591 0.30017
1.5 0.0557396 0.312396
1.55 0.0559516 0.325944
1.6 0.0562174 0.334658
1.65 0.0564975 0.341688
1.7 0.0567583 0.34795
1.75 0.0570029 0.353445
1.8 0.0572651 0.35651
1.85 0.0575065 0.359081
1.9 0.057767 0.361837
1.95 0.0580034 0.366009
2 0.0582357 0.370227
2.05 0.0584374 0.379393
2.1 0.0586171 0.38947
2.15 0.0587961 0.399376
2.2 0.0589867 0.40989
2.25 0.0591835 0.417597
2.3 0.0593615 0.428092
2.35 0.0595604 0.436505
2.4 0.0597619 0.442465
2.45 0.0599155 0.452126
2.5 0.0600957 0.459688
2.55 0.0602546 0.467652
2.6 0.0604155 0.475948
2.65 0.0605594 0.486421
2.7 0.060681 0.497736
2.75 0.0608186 0.506076
2.8 0.0609489 0.513564
2.85 0.0610537 0.525987
2.9 0.0611625 0.537497
2.95 0.0612607 0.549815
3 0.061366 0.560095
3.05 0.0614848 0.56412
3.1 0.0616392 0.565252
3.15 0.0617961 0.568257
3.2 0.061938 0.573772
3.25 0.0620883 0.576566
3.3 0.0622682 0.57764
3.35 0.0624624 0.578198
3.4 0.0626917 0.574901
3.45 0.0628869 0.571835
3.5 0.0631702 0.56217
3.55 0.0633841 0.560446
3.6 0.0636154 0.558822
3.65 0.0638904 0.552674
3.7 0.0641498 0.554268
3.75 0.0644246 0.551466
3.8 0.0646923 0.552608
3.85 0.064979 0.550156
3.9 0.0652848 0.548515
3.95 0.0655767 0.54627
4 0.0659111 0.542079
4.05 0.0662345 0.541597
4.1 0.0665385 0.542312
4.15 0.0668622 0.541904
4.2 0.0671909 0.541076
4.25 0.0675354 0.537921
4.3 0.0678839 0.537318
4.35 0.0682521 0.532237
4.4 0.0686469 0.528972
4.45 0.0690335 0.524344
4.5 0.0694424 0.518739
4.55 0.069867 0.512462
4.6 0.070321 0.504351
4.65 0.0708176 0.496263
4.7 0.0713409 0.485524
4.75 0.0718542 0.477697
4.8 0.0724204 0.468859
4.85 0.0729932 0.46114
4.9 0.0736139 0.45149
4.95 0.0742472 0.442138
5 0.0748966 0.433794
5.05 0.0755746 0.425006
5.1 0.076277 0.416174
5.15 0.0770026 0.407668
5.2 0.077763 0.397745
5.25 0.0785155 0.389766
5.3 0.079331 0.381341
5.35 0.0801569 0.373282
5.4 0.0810146 0.364735
5.45 0.0818889 0.35651
5.5 0.0827805 0.348403
5.55 0.0837236 0.340484
5.6 0.0846551 0.333494
5.65 0.0856149 0.326667
5.7 0.0866115 0.320232
5.75 0.0875755 0.313828
5.8 0.0886161 0.308439
5.85 0.0896381 0.303333
5.9 0.0906992 0.298174
5.95 0.0917511 0.293738
6 0.0928292 0.289733
6.05 0.0939059 0.285892
6.10001 0.0949824 0.282507
6.15001 0.0960701 0.279916
6.20001 0.0971615 0.277675
6.25001 0.0982879 0.275484
6.30001 0.0993904 0.273838
6.35001 0.100479 0.27265
6.40001 0.101607 0.271429
6.45001 0.102743 0.269681
6.50001 0.104039 0.267221
6.55001 0.105249 0.267331
6.60001 0.10644 0.267287
6.65001 0.107628 0.268225
6.70001 0.108824 0.269181
6.75001 0.110036 0.270007
6.80001 0.111198 0.271287
6.85001 0.112348 0.272229
6.90001 0.113507 0.27351
6.95001 0.114648 0.274767
7.00001 0.115826 0.276275
7.05001 0.116957 0.277798
7.10001 0.118109 0.27962
7.15001 0.119222 0.281557
7.20001 0.120356 0.283802
7.25001 0.121465 0.286213
7.30001 0.122572 0.289164
7.35001 0.123707 0.292035
7.40001 0.124821 0.295735
7.45001 0.125953 0.299241
7.50001 0.127082 0.302885
7.55001 0.128293 0.306312
7.60001 0.129471 0.310118
7.65001 0.130727 0.314024
7.70001 0.132056 0.317915
7.75001 0.133523 0.32165
7.80001 0.135026 0.326153
7.85001 0.136362 0.331359
7.90001 0.137876 0.334479
7.95001 0.139097 0.34075
8.00001 0.140288 0.3434
8.05001 0.141404 0.349617
8.10001 0.142559 0.355951
8.15001 0.143698 0.362731
8.20001 0.144804 0.369534
8.25001 0.145888 0.377758
8.30001 0.146973 0.386116
8.35001 0.148061 0.395556
8.40001 0.149122 0.405048
8.45001 0.15019 0.411652
8.50001 0.151175 0.421408
8.55001 0.152172 0.431289
8.60001 0.153203 0.432199
8.65001 0.154202 0.441384
8.70002 0.155386 0.443905
8.75002 0.156489 0.451732
8.80002 0.157618 0.458559
8.85002 0.158924 0.4579
8.90002 0.160131 0.462592
8.95002 0.161344 0.467708
9.00002 0.162552 0.470699
9.05002 0.163738 0.475983
9.10002 0.164926 0.482684
9.15002 0.166051 0.490055
9.20002 0.167134 0.492813
9.25002 0.168163 0.499308
9.30002 0.169186 0.508546
9.35002 0.170176 0.517539
9.40002 0.171398 0.525635
9.45002 0.172392 0.535036
9.50002 0.173357 0.544516
9.55002 0.17428 0.555626
9.60002 0.175197 0.565969
9.65002 0.176106 0.573762
9.70002 0.177055 0.574497
9.75002 0.177918 0.583831
9.80002 0.178753 0.594434
9.85002 0.179706 0.599191
9.90002 0.180591 0.593844
9.95002 0.181417 0.601583
10 0.182256 0.599796
10.05 0.18306 0.607195
10.1 0.183884 0.614544
10.15 0.184717 0.620371
10.2 0.185495 0.626641
10.25 0.186209 0.635626
10.3 0.186958 0.639129
10.35 0.187643 0.648003
10.4 0.189075 0.634878
10.45 0.189989 0.641404
10.5 0.190892 0.650043
10.55 0.191831 0.658331
10.6 0.192719 0.666152
10.65 0.19353 0.66964
10.7 0.194599 0.674551
10.75 0.195494 0.68104
10.8 0.196352 0.690406
10.85 0.197261 0.694437
10.9 0.1981 0.703386
10.95 0.198955 0.712173
11 0.199765 0.719878
11.05 0.20052 0.729619
11.1 0.201296 0.739738
11.15 0.202066 0.75004
11.2 0.202805 0.759354
11.25 0.203521 0.771452
11.3 0.204221 0.782924
11.35 0.2049 0.795188
11.4 0.205841 0.797688
11.45 0.206513 0.810751
11.5 0.20711 0.825181
11.55 0.207724 0.838797
11.6 0.208324 0.852778
11.65 0.208902 0.866434
11.7 0.209863 0.878857
11.75 0.210468 0.89577
11.8 0.211044 0.913807
11.85 0.211691 0.929584
11.9 0.212316 0.947011
11.95 0.212894 0.965331
12 0.213492 0.983189
12.05 0.214112 1.00115
12.1 0.214686 1.01964
12.15 0.215277 1.03841
12.2 0.215867 1.04996
12.25 0.216372 1.06827
12.3 0.216894 1.08682
12.35 0.217461 1.10524
12.4 0.217984 1.12338
12.45 0.218522 1.1337
12.5 0.219078 1.15153
12.55 0.219631 1.16948
12.6 0.220149 1.18799
12.65 0.220713 1.2041
12.7 0.22124 1.22287
12.75 0.221767 1.2429
12.8 0.222295 1.26261
12.85 0.222829 1.28174
12.9 0.223336 1.30202
12.95 0.223861 1.32168
13 0.22437 1.34224
13.05 0.224872 1.35276
13.1 0.225356 1.34247
13.15 0.225828 1.34981
13.2 0.226388 1.35959
13.25 0.226915 1.35956
13.3 0.227471 1.3685
13.35 0.228058 1.37732
13.4 0.228646 1.38665
13.45 0.229188 1.39864
13.5 0.229727 1.38493
13.55 0.230173 1.39454
13.6 0.230617 1.40817
13.65 0.231011 1.41101
13.7 0.231577 1.35299
13.75 0.232428 1.33468
13.8 0.233073 1.32999
13.85 0.233701 1.32442
13.9 0.234321 1.31908
13.95 0.234877 1.31441
14 0.2354 1.31144
14.05 0.235943 1.30875
14.1 0.236587 1.29636
14.15 0.237141 1.27141
14.2 0.238325 1.25518
14.25 0.238928 1.24869
14.3 0.239476 1.24457
14.35 0.239992 1.24287
14.4 0.240525 1.2386
14.45 0.241026 1.23681
14.5 0.241488 1.24056
14.55 0.242036 1.24467
14.6 0.24258 1.24901
14.65 0.24314 1.25462
14.7 0.243602 1.26389
14.75 0.244017 1.27413
14.8 0.244471 1.28437
14.85 0.244888 1.29548
14.9 0.245331 1.29601
14.95 0.24576 1.30627
15 0.246273 1.31501
15.05 0.246783 1.32464
15.1 0.247336 1.33456
15.15 0.247914 1.34452
15.2 0.248772 1.33522
15.25 0.249215 1.34424
15.3 0.249652 1.3562
15.35 0.2501 1.36812
15.4 0.250526 1.38047
15.45 0.251 1.39007
15.5 0.251438 1.4016
15.55 0.251909 1.41137
15.6 0.252352 1.42227
15.65 0.252806 1.43218
15.7 0.253314 1.43847
15.75 0.253832 1.45059
15.8 0.254351 1.4638
15.85 0.254856 1.47783
15.9 0.255334 1.49205
15.95 0.25577 1.50666
16 0.256215 1.52089
16.05 0.256643 1.53577
16.1 0.257159 1.54948
16.15 0.257632 1.56495
16.2 0.258108 1.56944
16.25 0.258577 1.57713
16.3 0.25905 1.58829
16.35 0.259515 1.60346
16.4 0.260005 1.6187
16.45 0.260466 1.63351
16.5 0.260943 1.64012
16.55 0.261414 1.64563
16.6 0.261983 1.65952
16.65 0.262509 1.66665
16.7 0.262999 1.68042
16.75 0.263545 1.69675
16.8 0.264037 1.70201
16.85 0.264515 1.71918
16.9 0.264988 1.73521
16.95 0.265494 1.74199
17 0.265985 1.75625
17.05 0.266508 1.7717
17.1 0.267229 1.7706
17.15 0.267943 1.78246
17.2 0.268656 1.79728
17.25 0.269329 1.80824
17.3 0.269885 1.82095
17.35 0.270388 1.83267
17.4 0.270977 1.8472
17.45 0.271483 1.8446
17.5 0.271969 1.85888
17.55 0.272453 1.87584
17.6 0.272949 1.89309
17.65 0.273434 1.90947
17.7 0.273901 1.92834
17.75 0.274383 1.94454
17.8 0.274882 1.91483
17.85 0.275326 1.92771
17.9 0.27578 1.93338
17.95 0.276232 1.94437
18 0.276667 1.95739
18.05 0.277085 1.97263
18.1 0.277453 1.98997
18.15 0.27781 2.00813
18.2 0.278148 2.02763
18.25 0.278494 2.04729
18.3 0.278792 2.06933
18.35 0.27907 2.02002
18.4 0.279348 2.02986
18.45 0.279579 2.04481
18.5 0.279819 2.05516
18.55 0.280073 2.07055
18.6 0.280304 2.08541
18.65 0.280501 2.09546
18.7 0.280701 2.1125
18.75 0.280887 2.13241
18.8 0.281081 2.15255
18.85 0.281287 2.16951
18.9 0.281508 2.19095
18.95 0.281753 2.20993
19 0.281968 2.23193
19.05 0.28221 2.25355
19.1 0.282673 2.26844
19.15 0.282977 2.28976
19.2 0.28332 2.3109
19.25 0.283651 2.3328
19.3 0.283945 2.34604
19.35 0.284282 2.36609
19.4 0.28486 2.38417
19.45 0.285425 2.39867
19.5 0.28622 2.40714
19.55 0.287172 2.40697
19.6 0.288487 2.41526
19.65 0.289306 2.41461
19.7 0.289913 2.42877
19.75 0.290515 2.4405
19.8 0.291125 2.45441
19.85 0.291688 2.46642
19.9 0.292302 2.47493
19.95 0.292923 2.45432
20 0.293464 2.46514
20.05 0.29401 2.47666
20.1 0.294517 2.47284
20.15 0.295056 2.47958
20.2 0.295603 2.48103
20.25 0.296141 2.48775
20.3 0.296687 2.49649
20.35 0.297195 2.50668
20.4 0.297699 2.51563
20.45 0.29826 2.5236
20.5 0.299682 2.51426
20.55 0.300408 2.51787
20.6 0.301194 2.5255
20.65 0.302071 2.53122
20.7 0.302963 2.53031
20.75 0.303731 2.54213
20.8 0.304493 2.5536
20.85 0.305246 2.55848
20.9 0.306017 2.56761
20.95 0.307712 2.56084
21 0.308613 2.57278
21.05 0.309374 2.58482
21.1 0.310208 2.59758
21.15 0.311142 2.60699
21.2 0.31193 2.6188
21.25 0.312764 2.63042
21.3 0.313615 2.64284
21.35 0.314452 2.64307
21.4 0.315274 2.65203
21.45 0.316111 2.66242
21.5 0.316924 2.67194
21.55 0.317812 2.67795
21.6 0.318597 2.69089
21.65 0.31934 2.70503
21.7 0.320121 2.71958
21.75 0.320891 2.73304
21.8 0.321665 2.74596
21.85 0.322469 2.75554
21.9 0.323245 2.77033
21.95 0.324354 2.78136
22 0.32505 2.79354
22.0499 0.325778 2.80471
22.0999 0.326897 2.81223
22.1499 0.32772 2.82487
22.1999 0.328578 2.8373
22.2499 0.329479 2.84968
22.2999 0.330367 2.86238
22.3499 0.331292 2.87279
22.3999 0.332162 2.88569
22.4499 0.333018 2.86834
22.4999 0.333862 2.87319
22.5499 0.334698 2.88366
22.5999 0.335538 2.89666
22.6499 0.336409 2.91181
22.6999 0.33724 2.92429
22.7499 0.338091 2.9338
22.7999 0.338935 2.94386
22.8499 0.339761 2.95109
22.8999 0.340575 2.95976
22.9499 0.341918 2.93492
22.9999 0.342832 2.93662
23.0499 0.343783 2.94031
23.0999 0.344923 2.94369
23.1499 0.345812 2.95268
23.1999 0.346695 2.96179
23.2499 0.347593 2.97099
23.2999 0.348503 2.97892
23.3499 0.349277 2.98628
23.3999 0.350011 2.98103
23.4499 0.350788 2.98375
23.4999 0.35171 2.99485
23.5499 0.352636 3.00361
23.5999 0.35373 3.01452
23.6499 0.355042 3.02331
23.6999 0.356204 3.03556
23.7499 0.357172 3.04689
23.7999 0.358132 3.05427
23.8499 0.3588 3.0634
23.8999 0.359499 3.07117
23.9499 0.3604 3.07489
23.9999 0.361297 3.08518
24.0499 0.362081 3.09659
24.0999 0.363229 3.1086
24.1499 0.364142 3.12522
24.1999 0.364905 3.13949
24.2499 0.366343 3.07175
24.2999 0.367289 3.07673
24.3499 0.36833 3.06648
24.3999 0.369355 3.06712
24.4499 0.370374 3.07236
24.4999 0.371365 3.07905
24.5499 0.372537 3.04453
24.5999 0.373686 3.04523
24.6499 0.375338 3.02906
24.6999 0.37646 3.0303
24.7499 0.377665 3.01698
24.7999 0.378632 2.99454
24.8499 0.37998 2.96725
24.8999 0.381128 2.96016
24.9499 0.382373 2.94852
24.9999 0.383512 2.94631
25.0499 0.384652 2.94187
25.0999 0.385847 2.93567
25.1499 0.38697 2.93644
25.1999 0.388099 2.93403
25.2499 0.389656 2.92998
25.2999 0.390977 2.93174
25.3499 0.392125 2.93273
25.3999 0.393381 2.93856
25.4499 0.394507 2.94651
25.4999 0.395767 2.95411
25.5499 0.39689 2.96325
25.5999 0.397988 2.97358
25.6499 0.399051 2.98397
25.6999 0.400269 2.99497
25.7499 0.401405 3.00608
25.7999 0.402705 3.01706
25.8499 0.404148 3.01979
25.8999 0.405444 3.03165
25.9499 0.406506 3.03583
25.9999 0.407705 3.04556
26.0499 0.408906 3.05793
26.0999 0.41019 3.07006
26.1499 0.4115 3.07699
26.1999 0.41277 3.08727
26.2499 0.414299 3.09735
26.2999 0.415977 3.10773
26.3499 0.417811 3.1075
26.3999 0.419333 3.11244
26.4499 0.420794 3.12144
26.4999 0.422133 3.13228
26.5499 0.423531 3.14496
26.5999 0.424868 3.15589
26.6499 0.426161 3.16653
26.6999 0.427461 3.17567
26.7499 0.42874 3.18559
26.7999 0.430015 3.19443
26.8499 0.43181 3.18821
26.8999 0.433042 3.1669
26.9499 0.434164 3.17077
26.9999 0.435251 3.17985
27.0499 0.436328 3.18852
27.0999 0.437369 3.19967
27.1499 0.438419 3.21049
27.1999 0.439466 3.22468
27.2499 0.440519 3.24272
27.2999 0.442671 3.24418
27.3499 0.443721 3.2466
27.3999 0.444743 3.23721
27.4499 0.44579 3.24795
27.4999 0.446815 3.2612
27.5499 0.447846 3.27399
27.5999 0.448885 3.28587
27.6499 0.449917 3.29917
27.6999 0.450862 3.31374
27.7499 0.451844 3.33036
27.7999 0.452866 3.34178
27.8499 0.454315 3.34664
27.8999 0.455358 3.33053
27.9499 0.456284 3.3405
27.9999 0.457196 3.35463
28.0499 0.458112 3.37
28.0999 0.45913 3.38268
28.1499 0.460119 3.39501
28.1999 0.461112 3.40647
28.2499 0.462128 3.41931
28.2999 0.463203 3.43132
28.3499 0.464273 3.44331
28.3999 0.46527 3.45396
28.4499 0.466275 3.46598
28.4999 0.467293 3.47746
28.5499 0.468307 3.48785
28.5998 0.469433 3.48489
28.6498 0.470443 3.4967
28.6998 0.471511 3.50749
28.7498 0.472553 3.51995
28.7998 0.473567 3.53063
28.8498 0.474997 3.53029
28.8998 0.476031 3.53089
28.9498 0.477032 3.54391
28.9998 0.478245 3.54299
29.0498 0.479283 3.55446
29.0998 0.480326 3.56614
29.1498 0.48127 3.58036
29.1998 0.482228 3.59387
29.2498 0.483345 3.58608
29.2998 0.484365 3.59444
29.3498 0.485321 3.60687
29.3998 0.486315 3.61919
29.4498 0.487299 3.62974
29.4998 0.488331 3.63992
29.5498 0.489313 3.65066
29.5998 0.490595 3.65681
29.6498 0.491556 3.67221
29.6998 0.492498 3.68891
29.7498 0.494117 3.69758
29.7998 0.495222 3.70471
29.8498 0.496184 3.72153
29.8998 0.497187 3.73784
29.9498 0.498118 3.7535
29.9998 0.49909 3.72009
30.0498 0.500048 3.72717
30.0998 0.501025 3.71268
30.1498 0.501988 3.72214
30.1998 0.502967 3.72692
30.2498 0.503939 3.73452
30.2998 0.504902 3.74569
30.3498 0.505868 3.74907
30.3998 0.506844 3.75993
30.4498 0.507782 3.77198
30.4998 0.508681 3.785
30.5498 0.509595 3.78184
30.5998 0.510819 3.78024
30.6498 0.511987 3.77352
30.6998 0.512829 3.78404
30.7498 0.513716 3.79452
30.7998 0.514694 3.80045
30.8498 0.515654 3.81141
30.8998 0.517308 3.81573
30.9498 0.518481 3.82531
30.9998 0.519556 3.83755
31.0498 0.520668 3.8515
31.0998 0.521786 3.865
31.1498 0.522845 3.88063
31.1998 0.523923 3.89351
31.2498 0.524989 3.90931
31.2998 0.526054 3.92695
31.3498 0.52709 3.94517
31.3998 0.528071 3.96437
31.4498 0.529039 3.98368
31.4998 0.530019 4.00361
31.5498 0.530966 4.02224
31.5998 0.531944 4.04054
31.6498 0.532853 4.06098
31.6998 0.533779 4.08146
31.7498 0.534697 4.10291
31.7998 0.535648 4.12337
31.8498 0.536569 4.14377
31.8998 0.537479 4.1651
31.9498 0.53838 4.18601
31.9998 0.53928 4.20784
32.0498 0.540139 4.22894
32.0998 0.541007 4.2463
32.1498 0.541838 4.26818
32.1998 0.542677 4.29008
32.2498 0.543442 4.31422
32.2998 0.544194 4.30699
32.3498 0.544936 4.32335
32.3998 0.545705 4.34389
32.4498 0.546423 4.36556
32.4998 0.547145 4.38719
32.5498 0.54785 4.40398
32.5998 0.54856 4.42364
32.6498 0.549307 4.44319
32.6998 0.5501 4.46291
32.7498 0.551001 4.45009
32.7998 0.551612 4.47001
32.8498 0.552206 4.49092
32.8998 0.552855 4.49571
32.9498 0.553519 4.49528
32.9998 0.554158 4.5093
33.0498 0.554826 4.52148
33.0998 0.555506 4.53237
33.1498 0.556151 4.54419
33.1998 0.556775 4.55691
33.2498 0.557403 4.57442
33.2998 0.55802 4.58737
33.3498 0.55862 4.60423
33.3998 0.559225 4.62178
33.4498 0.559825 4.63956
33.4998 0.560422 4.65846
33.5498 0.560992 4.67694
33.5998 0.561597 4.69447
33.6498 0.562191 4.71208
33.6998 0.56278 4.73042
33.7498 0.56337 4.74373
33.7998 0.563973 4.7617
33.8498 0.564568 4.78132
33.8998 0.565157 4.79899
33.9498 0.565774 4.81655
33.9998 0.566387 4.83739
34.0498 0.567021 4.83947
34.0998 0.56762 4.85248
34.1498 0.568199 4.86631
34.1998 0.568734 4.88226
34.2498 0.569269 4.90082
34.2998 0.569806 4.918
34.3498 0.570397 4.92439
34.3998 0.570979 4.93933
34.4498 0.571548 4.95276
34.4998 0.572127 4.96576
34.5498 0.572712 4.9692
34.5998 0.573274 4.97118
34.6498 0.573893 4.98127
34.6998 0.574488 4.99468
34.7498 0.575091 5.007
34.7998 0.575673 5.01988
34.8498 0.576289 5.03231
34.8998 0.576872 5.04985
34.9498 0.577467 5.05807
34.9998 0.578183 5.06763
35.0498 0.578932 5.08078
35.0998 0.579717 5.09593
35.1497 0.580657 5.11197
35.1997 0.581568 5.12909
35.2497 0.582455 5.14721
35.2997 0.583373 5.14746
35.3497 0.584273 5.15628
35.3997 0.585163 5.17532
35.4497 0.586065 5.1956
35.4997 0.586915 5.21551
35.5497 0.587779 5.23299
35.5997 0.588643 5.25174
35.6497 0.589551 5.26992
35.6997 0.590444 5.28822
35.7497 0.591351 5.30478
35.7997 0.592237 5.32123
35.8497 0.593132 5.34488
35.8997 0.593978 5.36686
35.9497 0.594801 5.38964
35.9997 0.59565 5.41385
36.0497 0.596492 5.43288
36.0997 0.59761 5.45118
36.1497 0.598421 5.47538
36.1997 0.599202 5.498
36.2497 0.599999 5.51428
36.2997 0.600752 5.53874
36.3497 0.601488 5.5629
36.3997 0.602337 5.54513
36.4497 0.603042 5.56404
36.4997 0.603717 5.58594
36.5497 0.604383 5.60751
36.5997 0.60502 5.62891
36.6497 0.605659 5.64994
36.6997 0.606279 5.67093
36.7497 0.606888 5.69237
36.7997 0.607451 5.71306
36.8497 0.608015 5.72214
36.8997 0.608559 5.74104
36.9497 0.609099 5.75931
36.9997 0.609648 5.75708
37.0497 0.610188 5.77383
37.0997 0.610749 5.79229
37.1497 0.61227 5.79164
37.1997 0.613106 5.80366
37.2497 0.613768 5.81925
37.2997 0.614451 5.83483
37.3497 0.615164 5.85027
37.3997 0.615874 5.82513
37.4497 0.616561 5.83464
37.4997 0.617236 5.84509
37.5497 0.617871 5.85045
37.5997 0.618445 5.85524
37.6497 0.619022 5.86561
37.6997 0.619604 5.87638
37.7497 0.620152 5.88614
37.7997 0.620665 5.89976
37.8497 0.621186 5.91127
37.8997 0.621713 5.9274
37.9497 0.622204 5.93624
37.9997 0.622694 5.91724
38.0497 0.623202 5.93255
38.0997 0.623694 5.94898
38.1497 0.624197 5.96146
38.1997 0.624686 5.97591
38.2497 0.625161 5.99196
38.2997 0.625646 6.0078
38.3497 0.626126 6.02537
38.3997 0.626584 6.04283
38.4497 0.627027 6.06091
38.4997 0.62748 6.08032
38.5497 0.627924 6.10102
38.5997 0.628331 6.07153
38.6497 0.628662 6.08851
38.6997 0.629003 6.10747
38.7497 0.629337 6.12555
38.7997 0.62969 6.14389
38.8497 0.630048 6.16061
38.8997 0.630413 6.14158
38.9497 0.630776 6.15008
38.9997 0.631156 6.16424
39.0497 0.631535 6.17779
39.0997 0.631928 6.19413
39.1497 0.632341 6.21111
39.1997 0.632729 6.22867
39.2497 0.633119 6.24718
39.2997 0.633514 6.26623
39.3497 0.633919 6.28672
39.3997 0.634341 6.30794
39.4497 0.634737 6.33165
39.4997 0.635132 6.35538
39.5497 0.63554 6.37674
39.5997 0.635922 6.40065
39.6497 0.636346 6.42746
39.6997 0.636782 6.45282
39.7497 0.63725 6.47212
39.7997 0.637896 6.48943
39.8497 0.638428 6.50177
39.8997 0.639064 6.52188
39.9497 0.63969 6.54475
39.9997 0.640215 6.56346
40.0497 0.640754 6.59017
40.0997 0.64121 6.61459
40.1497 0.641739 6.64079
40.1997 0.642283 6.62376
40.2497 0.642863 6.64168
40.2997 0.643436 6.65979
40.3497 0.643973 6.67972
40.3997 0.644541 6.69748
40.4497 0.645105 6.71485
40.4997 0.645679 6.73257
40.5497 0.646177 6.74972
40.5997 0.646672 6.7697
40.6497 0.646934 6.7811
40.6997 0.647219 6.77454
40.7497 0.647502 6.79065
40.7997 0.647736 6.8095
40.8497 0.647955 6.83164
40.8997 0.648172 6.84357
40.9497 0.648374 6.84903
40.9997 0.648606 6.86614
41.0497 0.648793 6.88272
41.0997 0.648956 6.90449
41.1497 0.649139 6.92611
41.1997 0.64945 6.94665
41.2497 0.649729 6.96784
41.2997 0.649924 6.98005
41.3497 0.650138 7.00096
41.3997 0.650318 7.01995
41.4497 0.650528 7.04015
41.4997 0.650693 7.06255
41.5497 0.650914 7.08336
41.5997 0.651473 7.08875
41.6497 0.651743 7.1028
41.6996 0.65203 7.09606
41.7496 0.652578 7.09637
41.7996 0.652872 7.11271
41.8496 0.653071 7.13285
41.8996 0.653258 7.14444
41.9496 0.653436 7.15737
41.9996 0.653603 7.17445
42.0496 0.653769 7.19255
42.0996 0.653928 7.21468
42.1496 0.654087 7.23638
42.1996 0.654225 7.2574
42.2496 0.654365 7.27723
42.2996 0.654503 7.29803
42.3496 0.654599 7.32288
42.3996 0.654693 7.3473
42.4496 0.654903 7.32392
42.4996 0.655029 7.33778
42.5496 0.655138 7.3553
42.5996 0.655241 7.37141
42.6496 0.655398 7.38262
42.6996 0.655536 7.39914
42.7496 0.655684 7.40697
42.7996 0.655812 7.42471
42.8496 0.65595 7.44112
42.8996 0.656156 7.45792
42.9496 0.656534 7.46257
42.9996 0.656931 7.474
43.0496 0.657342 7.48954
43.0996 0.658194 7.49746
43.1496 0.658713 7.51288
43.1996 0.659106 7.53269
43.2496 0.659564 7.55302
43.2996 0.659991 7.57391
43.3496 0.660391 7.59084
43.3996 0.660792 7.60075
43.4496 0.661171 7.61825
43.4996 0.661551 7.63786
43.5496 0.661909 7.65753
43.5996 0.66224 7.67768
43.6496 0.662975 7.64585
43.6996 0.663379 7.65627
43.7496 0.663748 7.67222
43.7996 0.664158 7.68786
43.8496 0.664545 7.70329
43.8996 0.66493 7.71801
43.9496 0.66529 7.71479
43.9996 0.665648 7.72716
44.0496 0.666014 7.73654
44.0996 0.666368 7.7492
44.1496 0.666719 7.76543
44.1996 0.667054 7.77915
44.2496 0.667373 7.79385
44.2996 0.667708 7.80617
44.3496 0.66803 7.81889
44.3996 0.668365 7.83178
44.4496 0.668691 7.8446
44.4996 0.669022 7.85163
44.5496 0.669341 7.86566
44.5996 0.669651 7.82653
44.6496 0.669973 7.83418
44.6996 0.670301 7.84148
44.7496 0.67062 7.84917
44.7996 0.670919 7.85811
44.8496 0.67122 7.86599
44.8996 0.67161 7.87299
44.9496 0.671961 7.87815
44.9996 0.672329 7.88825
45.0496 0.672668 7.90015
45.0996 0.672978 7.90845
45.1496 0.673284 7.9114
45.1996 0.673723 7.92092
45.2496 0.674162 7.93536
45.2996 0.674471 7.94267
45.3496 0.674924 7.95496
45.3996 0.675338 7.96701
45.4496 0.675655 7.98087
45.4996 0.676052 7.99582
45.5496 0.676437 8.01094
45.5996 0.676819 8.02684
45.6496 0.677169 8.04465
45.6996 0.677552 8.06257
45.7496 0.677953 8.07446
45.7996 0.678453 8.09161
45.8496 0.678825 8.10908
45.8996 0.679288 8.12762
45.9496 0.679596 8.14118
45.9996 0.679877 8.15424
46.0496 0.680161 8.17344
46.0996 0.680461 8.19197
46.1496 0.680764 8.20922
46.1996 0.681064 8.22902
46.2496 0.681379 8.24956
46.2996 0.681662 8.26652
46.3496 0.682054 8.28501
46.3996 0.682459 8.28375
46.4496 0.682883 8.29925
46.4996 0.683246 8.31569
46.5496 0.68354 8.33367
46.5996 0.683883 8.34962
46.6496 0.684272 8.36732
46.6996 0.684591 8.38409
46.7496 0.684883 8.40548
46.7996 0.685151 8.42791
46.8496 0.685425 8.45006
46.8996 0.685685 8.47337
46.9496 0.68599 8.49559
46.9996 0.686234 8.51885
47.0496 0.686451 8.5443
47.0996 0.686691 8.56873
47.1496 0.686912 8.59477
47.1996 0.687194 8.61878
47.2496 0.687419 8.64431
47.2996 0.687645 8.66897
47.3496 0.687874 8.69535
47.3996 0.688173 8.71975
47.4496 0.688395 8.74592
47.4996 0.688622 8.77255
47.5496 0.688944 8.79876
47.5996 0.689182 8.79843
47.6496 0.689406 8.82323
47.6996 0.689696 8.84598
47.7496 0.689906 8.86915
47.7996 0.690114 8.89305
47.8496 0.690313 8.91845
47.8996 0.690509 8.92129
47.9496 0.690697 8.94187
47.9996 0.690872 8.96839
48.0496 0.691062 8.99443
48.0996 0.691244 9.01821
48.1496 0.691481 9.03828
48.1996 0.691667 9.06313
48.2495 0.693004 9.06543
48.2995 0.693395 9.08734
48.3495 0.693739 9.11152
48.3995 0.694551 9.11695
48.4495 0.694944 9.12625
48.4995 0.695304 9.14695
48.5495 0.695666 9.17004
48.5995 0.696087 9.16924
48.6495 0.696504 9.18507
48.6995 0.696874 9.1992
48.7495 0.697969 9.14628
48.7995 0.698419 9.15812
48.8495 0.698854 9.16973
48.8995 0.699257 9.18338
48.9495 0.699713 9.14381
48.9995 0.700152 9.14793
49.0495 0.700562 9.14939
49.0995 0.700977 9.15566
49.1495 0.701357 9.16025
49.1995 0.701747 9.17
49.2495 0.702118 9.18151
49.2995 0.702507 9.19214
49.3495 0.70287 9.20718
49.3995 0.703236 9.22209
49.4495 0.703594 9.23774
49.4995 0.703988 9.25023
49.5495 0.704342 9.2665
49.5995 0.704682 9.28164
49.6495 0.705003 9.29621
49.6995 0.705336 9.30773
49.7495 0.705652 9.32929
49.7995 0.705968 9.35281
49.8495 0.706299 9.37887
49.8995 0.706646 9.40034
49.9495 0.706983 9.40074
49.9995 0.707301 9.42369
50.0495 0.707846 9.42104
50.0995 0.708272 9.43578
50.1495 0.708744 9.37706
50.1995 0.709206 9.38109
50.2495 0.709601 9.38811
50.2995 0.710006 9.39569
50.3495 0.710395 9.40711
50.3995 0.710766 9.41929
50.4495 0.711147 9.43211
50.4995 0.711496 9.44683
50.5495 0.711855 9.46377
50.5995 0.712223 9.48026
50.6495 0.712562 9.47976
50.6995 0.71293 9.49451
50.7495 0.713266 9.50962
50.7995 0.713587 9.52685
50.8495 0.713913 9.54263
50.8995 0.714209 9.56296
50.9495 0.714527 9.56199
50.9995 0.715046 9.56542
51.0495 0.715415 9.58284
51.0995 0.715769 9.59808
51.1495 0.716115 9.61686
51.1995 0.716452 9.63705
51.2495 0.716792 9.65745
51.2995 0.717126 9.67774
51.3495 0.717475 9.69901
51.3995 0.717822 9.72172
51.4495 0.718179 9.743
51.4995 0.718519 9.76614
51.5495 0.718838 9.79066
51.5995 0.719182 9.81501
51.6495 0.719513 9.83996
51.6995 0.719886 9.8629
51.7495 0.720264 9.88868
51.7995 0.720625 9.91516
51.8495 0.720985 9.94001
51.8995 0.721343 9.91617
51.9495 0.721709 9.83167
51.9995 0.722071 9.84018
52.0495 0.722398 9.84851
52.0995 0.722758 9.8316
52.1495 0.723091 9.82385
52.1995 0.723459 9.82231
52.2495 0.723811 9.82166
52.2995 0.724149 9.82376
52.3495 0.724519 9.8295
52.3995 0.724864 9.83611
52.4495 0.725228 9.8447
52.4995 0.725569 9.84177
52.5495 0.725907 9.85042
52.5995 0.726247 9.86145
52.6495 0.726583 9.87388
52.6995 0.726937 9.88488
52.7495 0.727274 9.8956
52.7995 0.727605 9.90741
52.8495 0.727958 9.91982
52.8995 0.728292 9.93127
52.9495 0.728635 9.94496
52.9995 0.72899 9.92824
53.0495 0.72932 9.93644
53.0995 0.729648 9.94434
53.1495 0.729957 9.95883
53.1995 0.730242 9.97323
53.2495 0.730545 9.98836
53.2995 0.730841 10.0016
53.3495 0.731109 10.0165
53.3995 0.731387 10.0318
53.4495 0.731651 10.0455
53.4995 0.731897 10.0569
53.5495 0.732142 10.0732
53.5995 0.732379 10.0902
53.6495 0.73259 10.1088
53.6995 0.732909 10.1237
53.7495 0.733843 10.1322
53.7995 0.734099 10.1531
53.8495 0.734344 10.1741
53.8995 0.734599 10.1942
53.9495 0.734857 10.2119
53.9995 0.735102 10.2322
54.0495 0.735325 10.2533
54.0995 0.735545 10.2308
54.1495 0.735755 10.2471
54.1995 0.735992 10.2571
54.2495 0.736224 10.2754
54.2995 0.736431 10.293
54.3495 0.736633 10.2998
54.3995 0.736831 10.319
54.4495 0.737021 10.3386
54.4995 0.737196 10.3527
54.5495 0.737421 10.3703
54.5995 0.737614 10.391
54.6495 0.737805 10.4121
54.6995 0.737994 10.4331
54.7495 0.738184 10.4561
54.7994 0.738356 10.48
54.8494 0.73853 10.5027
54.8994 0.738708 10.526
54.9494 0.738897 10.5462
54.9994 0.739075 10.5718
55.0494 0.739253 10.5977
55.0994 0.739441 10.623
55.1494 0.739636 10.6492
55.1994 0.739817 10.6764
55.2494 0.740004 10.7042
55.2994 0.740198 10.7297
55.3494 0.740394 10.7131
55.3994 0.740571 10.7351
55.4494 0.740759 10.757
55.4994 0.740943 10.7781
55.5494 0.741138 10.7998
55.5994 0.741319 10.8222
55.6494 0.741503 10.8465
55.6994 0.741688 10.8686
55.7494 0.741871 10.8764
55.7994 0.742052 10.8981
55.8494 0.742233 10.9204
55.8994 0.742415 10.9181
55.9494 0.742592 10.9305
55.9994 0.742754 10.9499
56.0494 0.742912 10.9724
56.0994 0.743068 10.9958
56.1494 0.743223 11.021
56.1994 0.743378 11.0452
56.2494 0.743525 11.0598
56.2994 0.743669 11.0795
56.3494 0.743807 11.0926
56.3994 0.743944 11.09
56.4494 0.744065 11.1119
56.4994 0.744185 11.1354
56.5494 0.744309 11.1445
56.5994 0.744421 11.1676
56.6494 0.744532 11.1908
56.6994 0.744633 11.1579
56.7494 0.74475 11.1589
56.7994 0.744842 11.1779
56.8494 0.744939 11.1966
56.8994 0.745187 11.1692
56.9494 0.745329 11.1773
56.9994 0.74547 11.1842
57.0494 0.745604 11.1929
57.0994 0.745735 11.2029
57.1494 0.745847 11.2163
57.1994 0.745965 11.2313
57.2494 0.746083 11.2478
57.2994 0.746206 11.2657
57.3494 0.746314 11.2777
57.3994 0.746406 11.2989
57.4494 0.746507 11.3206
57.4994 0.746603 11.3436
57.5494 0.746695 11.3673
57.5994 0.746778 11.3908
57.6494 0.746862 11.4158
57.6994 0.746942 11.3906
57.7494 0.747023 11.408
57.7994 0.747106 11.4276
57.8494 0.747182 11.4455
57.8994 0.747266 11.4649
57.9494 0.747349 11.4847
57.9994 0.747438 11.5045
58.0494 0.747522 11.5252
58.0994 0.74761 11.542
58.1494 0.7477 11.5649
58.1994 0.747789 11.5881
58.2494 0.747892 11.5618
58.2994 0.747996 11.573
58.3494 0.748065 11.5871
58.3994 0.748117 11.6012
58.4494 0.748175 11.6157
58.4994 0.748236 11.6309
58.5494 0.748304 11.6475
58.5994 0.748397 11.6596
58.6494 0.748496 11.672
58.6994 0.748617 11.6888
58.7494 0.748739 11.7055
58.7994 0.748874 11.7183
58.8494 0.749013 11.7366
58.8994 0.749162 11.7514
58.9494 0.74931 11.771
58.9994 0.749464 11.7888
59.0494 0.749834 11.7738
59.0994 0.750021 11.7851
59.1494 0.750204 11.8043
59.1994 0.7504 11.8229
59.2494 0.750616 11.8393
59.2994 0.750839 11.8557
59.3494 0.75094 11.871
59.3994 0.751049 11.8877
59.4494 0.751137 11.9044
59.4994 0.751248 11.9238
59.5494 0.751344 11.9441
59.5994 0.75145 11.9611
59.6494 0.751556 11.9794
59.6994 0.751652 11.9996
59.7494 0.751759 12.0203
59.7994 0.751861 12.0415
59.8494 0.751951 12.0631
59.8994 0.75206 12.0859
59.9494 0.752161 12.1009
59.9994 0.752247 12.082
60.0494 0.752357 12.098
60.0994 0.752454 12.1131
60.1494 0.752556 12.1328
60.1994 0.752662 12.1494
60.2494 0.752759 12.1655
60.2994 0.752864 12.1795
