time pknown ts
0 0 -nan
0.05 0 -nan
0.1 0.031902 0
0.15 0.0400929 0.0104266
0.2 0.0489325 0.020381
0.25 0.0546644 0.029987
0.3 0.0581108 0.0416352
0.35 0.0606738 0.0522921
0.4 0.0626661 0.0622116
0.45 0.0642849 0.0722507
0.5 0.0654605 0.0837809
0.55 0.0665025 0.0938106
0.6 0.067431 0.104293
0.65 0.0681901 0.114509
0.7 0.0689149 0.124206
0.75 0.0696478 0.133063
0.8 0.0702549 0.142682
0.85 0.0708006 0.153317
0.9 0.0712707 0.164371
0.95 0.0716762 0.176891
1 0.0720588 0.187743
1.05 0.0724007 0.198057
1.1 0.0726945 0.208025
1.15 0.0729697 0.217628
1.2 0.0732604 0.227717
1.25 0.0734896 0.238212
1.3 0.0737229 0.24988
1.35 0.0739449 0.260487
1.4 0.0741749 0.269483
1.45 0.0744077 0.277752
1.5 0.0746014 0.288426
1.55 0.0747815 0.299941
1.6 0.07496 0.309305
1.65 0.0751599 0.318662
1.7 0.0753229 0.331309
1.75 0.07548 0.341877
1.8 0.0756325 0.352407
1.85 0.0757873 0.362867
1.9 0.0759298 0.372287
1.95 0.0760672 0.381819
2 0.0762129 0.391821
2.05 0.076359 0.401966
2.1 0.0764936 0.410936
2.15 0.0766175 0.418884
2.2 0.0767452 0.426555
2.25 0.0768635 0.434523
2.3 0.0769726 0.443566
2.35 0.0770947 0.451692
2.4 0.0772102 0.460428
2.45 0.0773202 0.469012
2.5 0.0774364 0.478987
2.55 0.0775441 0.48787
2.6 0.0776644 0.495335
2.65 0.0777981 0.502113
2.7 0.0779153 0.508875
2.75 0.0780384 0.515063
2.8 0.0781724 0.521533
2.85 0.0783171 0.524422
2.9 0.0784449 0.530562
2.95 0.0785584 0.536774
3 0.0786801 0.543973
3.05 0.0788201 0.549344
3.1 0.0789686 0.553724
3.15 0.0791121 0.558483
3.2 0.079269 0.561417
3.25 0.0794372 0.565691
3.3 0.079614 0.568305
3.35 0.0797855 0.57225
3.4 0.0799633 0.576977
3.45 0.0801974 0.574984
3.5 0.0804049 0.574659
3.55 0.0806001 0.576852
3.6 0.0808374 0.570979
3.65 0.0810605 0.568729
3.7 0.0813067 0.568141
3.75 0.0815742 0.566689
3.8 0.0818649 0.561524
3.85 0.082175 0.556683
3.9 0.0824546 0.55454
3.95 0.0828103 0.545207
4 0.0831494 0.53714
4.05 0.0834886 0.532905
4.1 0.0838837 0.525402
4.15 0.0842839 0.518664
4.2 0.0847224 0.50914
4.25 0.0851955 0.499115
4.3 0.0856709 0.490412
4.35 0.0862044 0.479529
4.4 0.086769 0.468795
4.45 0.0873623 0.456054
4.5 0.0880134 0.443476
4.55 0.0886467 0.432915
4.6 0.0893256 0.421514
4.65 0.0900079 0.410061
4.7 0.0907029 0.39909
4.75 0.091438 0.388187
4.8 0.0921907 0.378353
4.85 0.0929754 0.368945
4.9 0.0937785 0.35814
4.95 0.0946044 0.349533
5 0.0954469 0.341345
5.05 0.0963295 0.332685
5.1 0.0972215 0.324508
5.15 0.09814 0.316992
5.2 0.0990514 0.309012
5.25 0.100011 0.299898
5.3 0.100972 0.292882
5.35 0.101954 0.2871
5.4 0.102961 0.279302
5.45 0.103962 0.272829
5.5 0.104992 0.267314
5.55 0.106008 0.261757
5.6 0.107052 0.255751
5.65 0.108092 0.250792
5.7 0.109131 0.246065
5.75 0.110212 0.240795
5.8 0.111303 0.23416
5.85 0.112395 0.22965
5.9 0.113535 0.22425
5.95 0.114648 0.219771
6 0.115769 0.21583
6.05 0.116934 0.211571
6.10001 0.118097 0.207662
6.15001 0.11926 0.204152
6.20001 0.120437 0.200714
6.25001 0.121616 0.19757
6.30001 0.122823 0.19466
6.35001 0.124043 0.192017
6.40001 0.125245 0.189157
6.45001 0.126448 0.18722
6.50001 0.12769 0.184988
6.55001 0.128887 0.183451
6.60001 0.13012 0.181744
6.65001 0.131335 0.18056
6.70001 0.132562 0.17915
6.75001 0.133775 0.178078
6.80001 0.135024 0.176572
6.85001 0.136247 0.175696
6.90001 0.13747 0.174916
6.95001 0.138677 0.174168
7.00001 0.139916 0.173597
7.05001 0.141126 0.173268
7.10001 0.142346 0.172882
7.15001 0.143555 0.173081
7.20001 0.144776 0.172699
7.25001 0.145975 0.172476
7.30001 0.147233 0.172222
7.35001 0.148455 0.172091
7.40001 0.149652 0.172279
7.45001 0.150901 0.171981
7.50001 0.152104 0.172276
7.55001 0.153331 0.172447
7.60001 0.154545 0.172344
7.65001 0.155795 0.172709
7.70001 0.157048 0.172853
7.75001 0.15825 0.173375
7.80001 0.159549 0.173729
7.85001 0.160828 0.174229
7.90001 0.162082 0.17498
7.95001 0.163353 0.175601
8.00001 0.164669 0.176368
8.05001 0.165937 0.17738
8.10001 0.167199 0.178209
8.15001 0.168502 0.179081
8.20001 0.169797 0.180317
8.25001 0.17109 0.181263
8.30001 0.172404 0.182121
8.35001 0.173716 0.183459
8.40001 0.174996 0.184915
8.45001 0.17633 0.186076
8.50001 0.177607 0.187805
8.55001 0.178947 0.189527
8.60001 0.180269 0.191107
8.65001 0.18162 0.192685
8.70002 0.182968 0.194736
8.75002 0.184366 0.196517
8.80002 0.185745 0.198039
8.85002 0.187113 0.200219
8.90002 0.188486 0.202198
8.95002 0.189907 0.203876
9.00002 0.191278 0.206199
9.05002 0.1926 0.208487
9.10002 0.193964 0.210462
9.15002 0.195341 0.212604
9.20002 0.196665 0.215182
9.25002 0.197999 0.217325
9.30002 0.199403 0.219619
9.35002 0.200776 0.222054
9.40002 0.202126 0.224645
9.45002 0.203513 0.226946
9.50002 0.204962 0.229532
9.55002 0.20635 0.232195
9.60002 0.207722 0.234488
9.65002 0.209132 0.237005
9.70002 0.210564 0.239498
9.75002 0.211961 0.242266
9.80002 0.213369 0.244954
9.85002 0.2148 0.24802
9.90002 0.21623 0.251052
9.95002 0.217717 0.253885
10 0.219122 0.2572
10.05 0.220547 0.260856
10.1 0.221974 0.264598
10.15 0.223374 0.268478
10.2 0.224842 0.272415
10.25 0.226238 0.276775
10.3 0.227728 0.280566
10.35 0.229151 0.285129
10.4 0.230583 0.289428
10.45 0.232016 0.294047
10.5 0.233422 0.298805
10.55 0.234804 0.303889
10.6 0.236207 0.308922
10.65 0.237601 0.313938
10.7 0.238937 0.319501
10.75 0.240327 0.324884
10.8 0.241699 0.330575
10.85 0.243001 0.336677
10.9 0.244183 0.343267
10.95 0.245394 0.35007
11 0.246662 0.35663
11.05 0.247866 0.36361
11.1 0.249106 0.370514
11.15 0.250328 0.377438
11.2 0.251824 0.381729
11.25 0.253105 0.388571
11.3 0.254385 0.395618
11.35 0.255778 0.402866
11.4 0.257324 0.410036
11.45 0.259064 0.416024
11.5 0.26054 0.422955
11.55 0.261993 0.429993
11.6 0.263382 0.437437
11.65 0.26475 0.445134
11.7 0.266081 0.452913
11.75 0.267406 0.46163
11.8 0.268686 0.470667
11.85 0.269952 0.47987
11.9 0.271255 0.48889
11.95 0.272602 0.497946
12 0.273933 0.471906
12.05 0.275252 0.47422
12.1 0.276625 0.478578
12.15 0.278005 0.48166
12.2 0.279654 0.482239
12.25 0.280989 0.485061
12.3 0.282444 0.487436
12.35 0.283965 0.490232
12.4 0.285419 0.494077
12.45 0.286891 0.483885
12.5 0.288394 0.486898
12.55 0.289952 0.490242
12.6 0.291538 0.49345
12.65 0.293158 0.496376
12.7 0.294655 0.500249
12.75 0.296272 0.504505
12.8 0.297806 0.509599
12.85 0.299357 0.514561
12.9 0.300877 0.520246
12.95 0.302408 0.526362
13 0.304031 0.532421
13.05 0.305637 0.53844
13.1 0.307209 0.545159
13.15 0.308733 0.552365
13.2 0.310293 0.55975
13.25 0.311925 0.567197
13.3 0.313491 0.575412
13.35 0.315168 0.583927
13.4 0.316811 0.592318
13.45 0.318451 0.576722
13.5 0.320012 0.5813
13.55 0.321548 0.587172
13.6 0.323016 0.592948
13.65 0.324478 0.598685
13.7 0.32594 0.602372
13.75 0.327674 0.607426
13.8 0.329218 0.614028
13.85 0.330646 0.621581
13.9 0.332092 0.628492
13.95 0.333532 0.636153
14 0.335 0.643149
14.05 0.336534 0.649438
14.1 0.338165 0.656053
14.15 0.339617 0.662852
14.2 0.341094 0.670559
14.25 0.342595 0.678111
14.3 0.344045 0.685903
14.35 0.345476 0.6943
14.4 0.34694 0.702728
14.45 0.348419 0.70712
14.5 0.34988 0.716277
14.55 0.351437 0.725897
14.6 0.352939 0.735829
14.65 0.354487 0.745218
14.7 0.356019 0.722654
14.75 0.357482 0.722048
14.8 0.358951 0.724814
14.85 0.36037 0.728728
14.9 0.361806 0.73522
14.95 0.363568 0.73917
15 0.365135 0.747407
15.05 0.366666 0.74486
15.1 0.368303 0.749999
15.15 0.369867 0.757428
15.2 0.371408 0.766446
15.25 0.372975 0.774099
15.3 0.374501 0.782811
15.35 0.376016 0.778786
15.4 0.37746 0.784935
15.45 0.37898 0.767627
15.5 0.380535 0.770262
15.55 0.382072 0.773948
15.6 0.383652 0.764172
15.65 0.385186 0.765677
15.7 0.386794 0.761301
15.75 0.388392 0.764918
15.8 0.390008 0.768742
15.85 0.391611 0.772254
15.9 0.393228 0.776214
15.95 0.394899 0.7781
16 0.396667 0.782126
16.05 0.39831 0.78677
16.1 0.400207 0.790166
16.15 0.40196 0.794153
16.2 0.403759 0.799171
16.25 0.405641 0.801465
16.3 0.407417 0.806497
16.35 0.409428 0.810715
16.4 0.41144 0.812101
16.45 0.413337 0.813433
16.5 0.415199 0.819581
16.55 0.417108 0.828335
16.6 0.419093 0.836399
16.65 0.42101 0.845723
16.7 0.423072 0.854432
16.75 0.425047 0.86294
16.8 0.427139 0.872642
16.85 0.429088 0.883054
16.9 0.431195 0.894258
16.95 0.433167 0.905521
17 0.435298 0.916684
17.05 0.437334 0.927719
17.1 0.439364 0.936557
17.15 0.44137 0.94677
17.2 0.443352 0.958165
17.25 0.445308 0.97069
17.3 0.447278 0.983225
17.35 0.449346 0.966607
17.4 0.451257 0.973049
17.45 0.453348 0.963264
17.5 0.455324 0.969767
17.55 0.457263 0.977457
17.6 0.459351 0.984689
17.65 0.461348 0.978953
17.7 0.463457 0.98656
17.75 0.46547 0.995649
17.8 0.467541 1.00412
17.85 0.469467 1.01265
17.9 0.471475 1.02071
17.95 0.47355 1.02564
18 0.475547 1.03295
18.05 0.47761 1.04015
18.1 0.479536 1.0047
18.15 0.48164 1.00812
18.2 0.483598 1.01532
18.25 0.485753 1.02299
18.3 0.487776 1.02843
18.35 0.489946 1.02196
18.4 0.49207 1.01935
18.45 0.494203 1.01494
18.5 0.496301 1.01233
18.55 0.498203 1.01456
18.6 0.500309 1.01597
18.65 0.502635 1.00726
18.7 0.504761 1.00831
18.75 0.506777 1.00154
18.8 0.509018 1.00822
18.85 0.511318 1.01533
18.9 0.51365 1.02397
18.95 0.516305 1.0311
19 0.519012 1.04041
19.05 0.521315 1.05055
19.1 0.523475 1.05652
19.15 0.525764 1.06972
19.2 0.527922 1.08337
19.25 0.529994 1.09841
19.3 0.53207 1.11357
19.35 0.534313 1.12009
19.4 0.536412 1.13449
19.45 0.538569 1.1357
19.5 0.540703 1.14886
19.55 0.542975 1.16307
19.6 0.5451 1.17817
19.65 0.547354 1.19187
19.7 0.54966 1.20655
19.75 0.552032 1.22079
19.8 0.554344 1.23456
19.85 0.556529 1.24771
19.9 0.558741 1.26157
19.95 0.560955 1.27228
20 0.563146 1.28469
20.05 0.565444 1.29792
20.1 0.567488 1.31198
20.15 0.569557 1.31622
20.2 0.571508 1.31646
20.25 0.573524 1.3288
20.3 0.575484 1.3412
20.35 0.577412 1.33784
20.4 0.579396 1.31147
20.45 0.58131 1.30922
20.5 0.583251 1.31345
20.55 0.585085 1.32219
20.6 0.587112 1.28175
20.65 0.588955 1.26945
20.7 0.590859 1.27595
20.75 0.592808 1.28307
20.8 0.594703 1.2896
20.85 0.596561 1.29448
20.9 0.598392 1.29685
20.95 0.600263 1.29924
21 0.601986 1.3022
21.05 0.603974 1.30455
21.1 0.605696 1.31009
21.15 0.607437 1.31524
21.2 0.609157 1.32254
21.25 0.610866 1.33013
21.3 0.612513 1.33895
21.35 0.614111 1.31722
21.4 0.615723 1.29538
21.45 0.617278 1.28965
21.5 0.618906 1.28281
21.55 0.620469 1.28933
21.6 0.622104 1.27611
21.65 0.623649 1.27323
21.7 0.625184 1.27518
21.75 0.62672 1.27929
21.8 0.628178 1.28618
21.85 0.62965 1.29359
21.9 0.631205 1.29949
21.95 0.632685 1.30205
22 0.634092 1.31168
22.0499 0.635525 1.32206
22.0999 0.636972 1.33179
22.1499 0.638433 1.32284
22.1999 0.639825 1.3181
22.2499 0.641299 1.32658
22.2999 0.64276 1.33462
22.3499 0.644382 1.31864
22.3999 0.645959 1.31419
22.4499 0.647408 1.31473
22.4999 0.649025 1.27096
22.5499 0.650536 1.2723
22.5999 0.652111 1.27658
22.6499 0.653626 1.28066
22.6999 0.655188 1.28398
22.7499 0.656788 1.28776
22.7999 0.658786 1.28806
22.8499 0.660479 1.29204
22.8999 0.662195 1.27395
22.9499 0.663884 1.27823
22.9999 0.665459 1.28387
23.0499 0.667238 1.28888
23.0999 0.669082 1.26449
23.1499 0.670703 1.25701
23.1999 0.672375 1.26455
23.2499 0.674001 1.27274
23.2999 0.675659 1.27958
23.3499 0.677264 1.26307
23.3999 0.679009 1.26754
23.4499 0.680678 1.27334
23.4999 0.682493 1.26089
23.5499 0.683995 1.26285
23.5999 0.685541 1.26609
23.6499 0.687105 1.27228
23.6999 0.688494 1.28107
23.7499 0.689978 1.28231
23.7999 0.691814 1.27767
23.8499 0.693504 1.27498
23.8999 0.695115 1.28063
23.9499 0.696694 1.28761
23.9999 0.698323 1.29647
24.0499 0.699995 1.30628
24.0999 0.701479 1.31357
24.1499 0.702909 1.32016
24.1999 0.704426 1.32922
24.2499 0.705861 1.34026
24.2999 0.707348 1.33108
24.3499 0.708793 1.34115
24.3999 0.710385 1.35136
24.4499 0.711866 1.36232
24.4999 0.713359 1.37256
24.5499 0.715109 1.38153
24.5999 0.716717 1.39154
24.6499 0.718306 1.38884
24.6999 0.720009 1.39834
24.7499 0.721625 1.40636
24.7999 0.723221 1.41754
24.8499 0.724822 1.42745
24.8999 0.726533 1.43712
24.9499 0.728063 1.44092
24.9999 0.72957 1.43926
25.0499 0.7311 1.45174
25.0999 0.732605 1.46475
25.1499 0.734067 1.47776
25.1999 0.73552 1.47972
25.2499 0.737125 1.49206
25.2999 0.738608 1.50588
25.3499 0.740032 1.51749
25.3999 0.741454 1.51967
25.4499 0.742851 1.52113
25.4999 0.744242 1.53182
25.5499 0.745603 1.53381
25.5999 0.746953 1.53156
25.6499 0.748197 1.53342
25.6999 0.749397 1.54629
25.7499 0.750717 1.5159
25.7999 0.752274 1.52055
25.8499 0.753572 1.52897
25.8999 0.754789 1.53692
25.9499 0.755994 1.52819
25.9999 0.758183 1.5227
26.0499 0.759345 1.52535
26.0999 0.760597 1.52045
26.1499 0.761798 1.5162
26.1999 0.762937 1.5162
26.2499 0.764136 1.52167
26.2999 0.765215 1.52803
26.3499 0.766307 1.52833
26.3999 0.767308 1.53691
26.4499 0.769505 1.53088
26.4999 0.770582 1.5358
26.5499 0.771586 1.54143
26.5999 0.772631 1.54871
26.6499 0.77366 1.55667
26.6999 0.774656 1.56393
26.7499 0.775709 1.55327
26.7999 0.776824 1.55119
26.8499 0.777896 1.55552
26.8999 0.778894 1.56298
26.9499 0.779828 1.56705
26.9999 0.780908 1.53747
27.0499 0.781817 1.54393
27.0999 0.782761 1.52476
27.1499 0.783638 1.51766
27.1999 0.78454 1.51983
27.2499 0.785424 1.51362
27.2999 0.786234 1.51699
27.3499 0.787156 1.51809
27.3999 0.788034 1.52288
27.4499 0.78894 1.51534
27.4999 0.789894 1.51635
27.5499 0.790809 1.51631
27.5999 0.79219 1.50524
27.6499 0.793226 1.50927
27.6999 0.794228 1.51649
27.7499 0.795272 1.50697
27.7999 0.796239 1.5051
27.8499 0.797266 1.50866
27.8999 0.798249 1.51448
27.9499 0.799219 1.5172
27.9999 0.800434 1.51367
28.0499 0.801458 1.52001
28.0999 0.802468 1.51566
28.1499 0.80352 1.52284
28.1999 0.804584 1.5326
28.2499 0.8056 1.5235
28.2999 0.806724 1.53223
28.3499 0.807874 1.53817
28.3999 0.809116 1.54688
28.4499 0.810261 1.55385
28.4999 0.811441 1.55316
28.5499 0.8126 1.55684
28.5998 0.813703 1.55417
28.6498 0.814683 1.55896
28.6998 0.815634 1.56675
28.7498 0.816638 1.57201
28.7998 0.81759 1.57699
28.8498 0.818577 1.58637
28.8998 0.819497 1.59921
28.9498 0.820403 1.60007
28.9998 0.821306 1.59851
29.0498 0.822185 1.61161
29.0998 0.823113 1.60769
29.1498 0.824003 1.61596
29.1998 0.82493 1.62477
29.2498 0.825909 1.62856
29.2998 0.82686 1.62832
29.3498 0.827769 1.63592
29.3998 0.828734 1.63712
29.4498 0.829641 1.64089
29.4998 0.830634 1.63787
29.5498 0.831566 1.63589
29.5998 0.832437 1.63999
29.6498 0.833316 1.64901
29.6998 0.834222 1.6592
29.7498 0.835187 1.65962
29.7998 0.836228 1.65519
29.8498 0.837151 1.66117
29.8998 0.838049 1.67095
29.9498 0.838923 1.66493
29.9998 0.839758 1.66904
30.0498 0.840627 1.6798
30.0998 0.841439 1.68008
30.1498 0.84222 1.69193
30.1998 0.843773 1.69216
30.2498 0.844904 1.68711
30.2998 0.845889 1.69062
30.3498 0.846839 1.6997
30.3998 0.847797 1.71005
30.4498 0.848761 1.72242
30.4998 0.849747 1.72045
30.5498 0.850596 1.72387
30.5998 0.851393 1.72821
30.6498 0.852158 1.73715
30.6998 0.852867 1.74677
30.7498 0.853608 1.73995
30.7998 0.854307 1.72788
30.8498 0.854969 1.73473
30.8998 0.855707 1.74461
30.9498 0.85634 1.75556
30.9998 0.857072 1.76049
31.0498 0.857743 1.75449
31.0998 0.85843 1.75517
31.1498 0.859098 1.75244
31.1998 0.859706 1.75985
31.2498 0.860344 1.7692
31.2998 0.860893 1.78203
31.3498 0.861534 1.79375
31.3998 0.862021 1.80569
31.4498 0.86274 1.7992
31.4998 0.863285 1.79868
31.5498 0.863762 1.80972
31.5998 0.864267 1.81505
31.6498 0.864745 1.8258
31.6998 0.865361 1.82939
31.7498 0.865993 1.8124
31.7998 0.866496 1.80115
31.8498 0.866997 1.80744
31.8998 0.867506 1.80413
31.9498 0.86799 1.81117
31.9998 0.868486 1.80592
32.0498 0.869115 1.78756
32.0998 0.869563 1.78321
32.1498 0.869982 1.78466
32.1998 0.870456 1.78624
32.2498 0.87097 1.78126
32.2998 0.871434 1.78306
32.3498 0.871835 1.78735
32.3998 0.872248 1.79236
32.4498 0.872827 1.78192
32.4998 0.87327 1.78518
32.5498 0.873746 1.7763
32.5998 0.874219 1.77609
32.6498 0.874658 1.77902
32.6998 0.87513 1.78352
32.7498 0.875539 1.79029
32.7998 0.875945 1.76588
32.8498 0.876325 1.77266
32.8998 0.876748 1.77721
32.9498 0.877134 1.78704
32.9998 0.877508 1.77395
33.0498 0.877871 1.76047
33.0998 0.878223 1.76855
33.1498 0.87856 1.77655
33.1998 0.878876 1.78416
33.2498 0.879095 1.79121
33.2998 0.879306 1.79763
33.3498 0.879519 1.8067
33.3998 0.879703 1.81723
33.4498 0.879881 1.80152
33.4998 0.880032 1.81223
33.5498 0.880172 1.82285
33.5998 0.880311 1.82106
33.6498 0.880445 1.82137
33.6998 0.880591 1.82934
33.7498 0.880738 1.8348
33.7998 0.880863 1.83624
33.8498 0.880974 1.8457
33.8998 0.881088 1.85707
33.9498 0.881191 1.86859
33.9998 0.881281 1.87237
34.0498 0.881371 1.88453
34.0998 0.881482 1.89693
34.1498 0.881566 1.91004
34.1998 0.881673 1.91614
34.2498 0.881772 1.92927
34.2998 0.881869 1.91927
34.3498 0.881948 1.9313
34.3998 0.882053 1.93542
34.4498 0.882136 1.94648
34.4998 0.88222 1.95939
34.5498 0.88234 1.94607
34.5998 0.88243 1.95668
34.6498 0.882503 1.94711
34.6998 0.882572 1.95512
34.7498 0.882709 1.953
34.7998 0.882824 1.94929
34.8498 0.88291 1.95652
34.8998 0.882984 1.96463
34.9498 0.883076 1.97337
34.9998 0.883185 1.97974
35.0498 0.883294 1.98691
35.0998 0.883394 1.98609
35.1497 0.883535 1.99548
35.1997 0.88375 1.99559
35.2497 0.88443 1.98744
35.2997 0.884997 1.97826
35.3497 0.885319 1.98402
35.3997 0.885684 1.97531
35.4497 0.885939 1.98413
35.4997 0.886168 1.99424
35.5497 0.886401 1.99975
35.5997 0.886624 1.99125
35.6497 0.886841 1.97938
35.6997 0.887065 1.98912
35.7497 0.887286 1.9914
35.7997 0.887497 1.99175
35.8497 0.887708 1.99941
35.8997 0.888117 1.98689
35.9497 0.888301 1.98231
35.9997 0.888509 1.98869
36.0497 0.888707 1.98485
36.0997 0.888923 1.99171
36.1497 0.889126 1.9867
36.1997 0.889338 1.99517
36.2497 0.889545 2.00404
36.2997 0.889757 2.00615
36.3497 0.889966 2.01366
36.3997 0.890195 2.02109
36.4497 0.8904 2.02581
36.4997 0.890606 2.03562
36.5497 0.890821 2.02233
36.5997 0.891017 2.02803
36.6497 0.891224 2.03444
36.6997 0.891421 2.04269
36.7497 0.891621 2.05112
36.7997 0.891817 2.05469
36.8497 0.892007 2.04952
36.8997 0.892199 2.05621
36.9497 0.89239 2.06499
36.9997 0.892572 2.0732
37.0497 0.89287 2.06874
37.0997 0.893096 2.07272
37.1497 0.893312 2.07407
37.1997 0.893525 2.08351
37.2497 0.893736 2.09438
37.2997 0.893941 2.10215
37.3497 0.894136 2.11448
37.3997 0.894338 2.11389
37.4497 0.894549 2.12403
37.4997 0.894755 2.13749
37.5497 0.894957 2.14634
37.5997 0.895171 2.15302
37.6497 0.895365 2.15615
37.6997 0.895566 2.15717
37.7497 0.89578 2.15593
37.7997 0.895978 2.16696
37.8497 0.896176 2.15446
37.8997 0.896388 2.15435
37.9497 0.896581 2.16363
37.9997 0.896815 2.15265
38.0497 0.897021 2.14451
38.0997 0.897222 2.15141
38.1497 0.897456 2.14607
38.1997 0.897693 2.15274
38.2497 0.897951 2.15849
38.2997 0.898232 2.1611
38.3497 0.898523 2.16576
38.3997 0.898807 2.17049
38.4497 0.899126 2.15517
38.4997 0.899465 2.15116
38.5497 0.899811 2.15599
38.5997 0.900075 2.16194
38.6497 0.900297 2.16345
38.6997 0.900507 2.1706
38.7497 0.900721 2.17907
38.7997 0.900922 2.16992
38.8497 0.901121 2.15999
38.8997 0.901331 2.14846
38.9497 0.901521 2.15926
38.9997 0.901701 2.15099
39.0497 0.901883 2.14218
39.0997 0.902041 2.13811
39.1497 0.902201 2.13979
39.1997 0.902354 2.14718
39.2497 0.90251 2.15297
39.2997 0.902648 2.13862
39.3497 0.902796 2.14362
39.3997 0.902935 2.10852
39.4497 0.903051 2.11014
39.4997 0.903171 2.11876
39.5497 0.903281 2.12509
39.5997 0.90339 2.12962
39.6497 0.903497 2.1095
39.6997 0.903596 2.08698
39.7497 0.903689 2.08504
39.7997 0.903785 2.07925
39.8497 0.903867 2.0563
39.8997 0.903976 2.0423
39.9497 0.904056 2.0365
39.9997 0.904145 2.02148
40.0497 0.904215 2.01163
40.0997 0.904276 2.00525
40.1497 0.904335 2.00329
40.1997 0.904412 2.00654
40.2497 0.904493 2.01229
40.2997 0.904544 2.00016
40.3497 0.904597 1.99653
40.3997 0.904639 1.99889
40.4497 0.90468 2.00769
40.4997 0.904727 2.01787
40.5497 0.904789 2.02912
40.5997 0.904828 2.02915
40.6497 0.904865 2.03673
40.6997 0.904897 2.04755
40.7497 0.904925 2.06043
40.7997 0.905039 2.02959
40.8497 0.905064 2.03553
40.8997 0.905079 2.05089
40.9497 0.905093 2.06779
40.9997 0.905115 2.0618
41.0497 0.905142 2.06769
41.0997 0.905175 2.0773
41.1497 0.905211 2.08176
41.1997 0.905269 2.09182
41.2497 0.905332 2.08527
41.2997 0.905412 2.07752
41.3497 0.905476 2.0645
41.3997 0.905527 2.07412
41.4497 0.905574 2.08514
41.4997 0.905607 2.07897
41.5497 0.905652 2.05516
41.5997 0.90568 2.0417
41.6497 0.905709 2.04105
41.6996 0.90573 2.04128
41.7496 0.90577 2.0445
41.7996 0.906075 1.99511
41.8496 0.906158 1.97009
41.8996 0.906233 1.96514
41.9496 0.906314 1.96859
41.9996 0.906415 1.96539
42.0496 0.906506 1.96104
42.0996 0.90659 1.96393
42.1496 0.906673 1.96693
42.1996 0.906749 1.97183
42.2496 0.906879 1.97142
42.2996 0.906943 1.96315
42.3496 0.907001 1.96177
42.3996 0.90705 1.97181
42.4496 0.907094 1.98387
42.4996 0.907136 1.96918
42.5496 0.907172 1.97796
42.5996 0.907212 1.9844
42.6496 0.907252 1.98956
42.6996 0.907298 1.99939
42.7496 0.90734 2.01236
42.7996 0.907381 2.02298
42.8496 0.907422 2.03605
42.8996 0.907463 2.04837
42.9496 0.907506 2.06629
42.9996 0.907539 2.07429
43.0496 0.907575 2.08543
43.0996 0.907636 2.08957
43.1496 0.907667 2.0835
43.1996 0.907695 2.09254
43.2496 0.907716 2.09911
43.2996 0.907739 2.07926
43.3496 0.907759 2.06324
43.3996 0.907781 2.07197
43.4496 0.907804 2.06663
43.4996 0.907821 2.06907
43.5496 0.90784 2.06778
43.5996 0.907858 2.07672
43.6496 0.907879 2.08045
43.6996 0.907902 2.08352
43.7496 0.907924 2.05755
43.7996 0.907939 2.05562
43.8496 0.907952 2.01699
43.8996 0.907965 2.02203
43.9496 0.90798 2.02831
43.9996 0.907998 2.01281
44.0496 0.908014 2.00911
44.0996 0.908033 2.00152
44.1496 0.90805 2.0028
44.1996 0.908068 1.98332
44.2496 0.908086 1.98587
44.2996 0.908168 1.9537
44.3496 0.908193 1.95777
44.3996 0.908211 1.96152
44.4496 0.908226 1.96686
44.4996 0.908241 1.96732
44.5496 0.908262 1.9737
44.5996 0.908283 1.98055
44.6496 0.908301 1.98866
44.6996 0.908322 1.99781
44.7496 0.908343 1.99784
44.7996 0.908364 2.00551
44.8496 0.908378 2.01332
44.8996 0.908394 2.01874
44.9496 0.908413 2.0302
44.9996 0.908428 2.03188
45.0496 0.908458 2.03377
45.0996 0.908474 2.04201
45.1496 0.908494 2.05058
45.1996 0.908514 2.03621
45.2496 0.908539 2.04287
45.2996 0.908555 2.04355
45.3496 0.908571 2.05159
45.3996 0.908585 2.06227
45.4496 0.9086 2.0397
45.4996 0.908617 2.04674
45.5496 0.908633 2.05875
45.5996 0.908648 2.05988
45.6496 0.908661 2.06351
45.6996 0.908679 2.06459
45.7496 0.908692 2.07063
45.7996 0.908711 2.06188
45.8496 0.908734 2.06129
45.8996 0.908749 2.0719
45.9496 0.908764 2.08228
45.9996 0.908784 2.08031
46.0496 0.908799 2.08126
46.0996 0.908816 2.07166
46.1496 0.908832 2.07318
46.1996 0.908847 2.06366
46.2496 0.908861 2.05351
46.2996 0.908872 2.06178
46.3496 0.908883 2.07005
46.3996 0.908936 2.05903
46.4496 0.908948 2.05782
46.4996 0.908961 2.06239
46.5496 0.908974 2.06968
46.5996 0.908989 2.07774
46.6496 0.909006 2.08407
46.6996 0.909023 2.0683
46.7496 0.909037 2.06881
46.7996 0.909051 2.06995
46.8496 0.909063 2.07919
46.8996 0.909073 2.0891
46.9496 0.909085 2.08937
46.9996 0.909097 2.09048
47.0496 0.909108 2.09551
47.0996 0.909119 2.09862
47.1496 0.909129 2.1008
47.1996 0.90914 2.09758
47.2496 0.909148 2.10173
47.2996 0.909155 2.10277
47.3496 0.909162 2.11241
47.3996 0.90917 2.12566
47.4496 0.909179 2.13509
47.4996 0.909185 2.12938
47.5496 0.909193 2.14329
47.5996 0.909199 2.14484
47.6496 0.909205 2.15739
47.6996 0.909211 2.15835
47.7496 0.909218 2.16626
47.7996 0.909226 2.17332
47.8496 0.90923 2.18027
47.8996 0.909236 2.17796
47.9496 0.909243 2.15195
47.9996 0.909248 2.15777
48.0496 0.909252 2.15366
48.0996 0.909257 2.14482
48.1496 0.909261 2.13707
48.1996 0.909266 2.13224
48.2495 0.909271 2.13706
48.2995 0.909275 2.14178
48.3495 0.909279 2.14749
48.3995 0.909284 2.15505
48.4495 0.909288 2.16097
48.4995 0.909293 2.15949
48.5495 0.909295 2.16942
48.5995 0.9093 2.17882
48.6495 0.909302 2.19037
48.6995 0.909306 2.19056
48.7495 0.90931 2.18148
48.7995 0.909313 2.19008
48.8495 0.909316 2.19626
48.8995 0.90932 2.2062
48.9495 0.909324 2.20522
48.9995 0.909331 2.20466
49.0495 0.909338 2.21362
49.0995 0.909343 2.20917
49.1495 0.909354 2.19424
49.1995 0.909359 2.1625
49.2495 0.909365 2.1565
49.2995 0.90937 2.16164
49.3495 0.909373 2.1688
49.3995 0.909377 2.15905
49.4495 0.909383 2.15748
49.4995 0.909395 2.13949
49.5495 0.909401 2.1417
49.5995 0.909414 2.13668
49.6495 0.909419 2.14184
49.6995 0.909428 2.13564
49.7495 0.909432 2.13543
49.7995 0.909437 2.13419
49.8495 0.909455 2.13453
49.8995 0.90946 2.1328
49.9495 0.909465 2.13698
49.9995 0.909469 2.13349
50.0495 0.909473 2.13873
50.0995 0.909478 2.13385
50.1495 0.909495 2.13357
50.1995 0.909506 2.12824
50.2495 0.909514 2.13023
50.2995 0.909523 2.13745
50.3495 0.90953 2.12671
50.3995 0.909537 2.11421
50.4495 0.909558 2.10663
50.4995 0.909563 2.11191
50.5495 0.909567 2.1189
50.5995 0.909571 2.11782
50.6495 0.909581 2.1138
50.6995 0.909606 2.0892
50.7495 0.909609 2.09077
50.7995 0.909613 2.0892
50.8495 0.909616 2.08573
50.8995 0.909618 2.09497
50.9495 0.909621 2.09398
50.9995 0.909644 2.05574
51.0495 0.909647 2.0596
51.0995 0.909649 2.05105
51.1495 0.909652 2.04725
51.1995 0.909653 1.99768
51.2495 0.909653 1.98627
51.2995 0.909654 1.98876
51.3495 0.909654 1.98453
51.3995 0.909655 1.97856
51.4495 0.909656 1.9777
51.4995 0.909657 1.97405
51.5495 0.909657 1.97604
51.5995 0.909658 1.96765
51.6495 0.909658 1.96643
51.6995 0.909659 1.97152
51.7495 0.909659 1.97551
51.7995 0.90966 1.9655
51.8495 0.909661 1.97067
51.8995 0.909661 1.97275
51.9495 0.909661 1.9815
51.9995 0.909683 1.94895
52.0495 0.90969 1.94995
52.0995 0.909694 1.92749
52.1495 0.909701 1.9315
52.1995 0.909709 1.91364
52.2495 0.909725 1.90738
52.2995 0.909733 1.91266
52.3495 0.909742 1.91902
52.3995 0.90975 1.9089
52.4495 0.909761 1.91072
52.4995 0.909773 1.90421
52.5495 0.909789 1.91095
52.5995 0.909798 1.91919
52.6495 0.909807 1.91994
52.6995 0.909815 1.92613
52.7495 0.909823 1.93383
52.7995 0.909829 1.9335
52.8495 0.909833 1.92688
52.8995 0.909837 1.92667
52.9495 0.909841 1.93718
52.9995 0.909848 1.94123
53.0495 0.909851 1.95465
53.0995 0.909856 1.94202
53.1495 0.909861 1.95028
53.1995 0.909862 1.93266
53.2495 0.909863 1.93027
53.2995 0.909866 1.92981
53.3495 0.909868 1.94213
53.3995 0.909869 1.93821
53.4495 0.909871 1.94733
53.4995 0.909872 1.93285
53.5495 0.909873 1.94201
53.5995 0.909874 1.94303
53.6495 0.909876 1.95264
53.6995 0.909877 1.95625
53.7495 0.909878 1.96575
53.7995 0.909879 1.96507
53.8495 0.909879 1.97204
53.8995 0.90988 1.95642
53.9495 0.909881 1.96378
53.9995 0.909885 1.95202
54.0495 0.909887 1.95779
54.0995 0.909887 1.94047
54.1495 0.909889 1.92875
54.1995 0.90989 1.93098
54.2495 0.909893 1.93968
54.2995 0.909895 1.93558
54.3495 0.909898 1.94459
54.3995 0.909901 1.94192
54.4495 0.90991 1.94803
54.4995 0.909921 1.9545
54.5495 0.909939 1.96406
54.5995 0.90994 1.95202
54.6495 0.909941 1.95275
54.6995 0.909943 1.95211
54.7495 0.909944 1.96185
54.7994 0.909945 1.97291
54.8494 0.909947 1.98411
54.8994 0.909948 1.99335
54.9494 0.909949 2.00367
54.9994 0.90995 1.98242
55.0494 0.909952 1.99372
55.0994 0.909953 1.99979
55.1494 0.909954 2.00574
55.1994 0.909955 2.00368
55.2494 0.909956 2.01412
55.2994 0.909958 2.0215
55.3494 0.909958 2.02593
55.3994 0.909959 2.03129
55.4494 0.90996 2.02814
55.4994 0.909962 2.03792
55.5494 0.909962 2.04997
55.5994 0.909964 2.05886
55.6494 0.909965 2.06251
55.6994 0.909966 2.06705
55.7494 0.909968 2.08451
55.7994 0.909969 2.0908
55.8494 0.909971 2.08553
55.8994 0.909972 2.09825
55.9494 0.909973 2.1139
55.9994 0.909975 2.08945
56.0494 0.909975 2.08031
56.0994 0.909976 2.05383
56.1494 0.909977 2.05407
56.1994 0.909978 2.06353
56.2494 0.909978 2.07178
56.2994 0.909979 2.07863
56.3494 0.90998 2.08418
56.3994 0.909982 2.06855
56.4494 0.909985 2.05767
56.4994 0.909992 2.05898
56.5494 0.910006 2.05447
56.5994 0.910007 2.03902
56.6494 0.910008 2.04298
56.6994 0.91001 2.04666
56.7494 0.910012 2.05493
56.7994 0.910014 2.04882
56.8494 0.910016 2.05818
56.8994 0.910017 2.06255
56.9494 0.91002 2.05722
56.9994 0.91002 2.05877
57.0494 0.910022 2.06955
57.0994 0.910024 2.07514
57.1494 0.910026 2.07037
57.1994 0.91003 2.08093
57.2494 0.910031 2.09249
57.2994 0.910034 2.10445
57.3494 0.910035 2.10894
57.3994 0.910036 2.10945
57.4494 0.910038 2.11795
57.4994 0.910039 2.12826
57.5494 0.910039 2.13914
57.5994 0.91004 2.13351
57.6494 0.910041 2.14351
57.6994 0.910044 2.15178
57.7494 0.910045 2.16626
57.7994 0.910047 2.16437
57.8494 0.910049 2.1658
57.8994 0.91005 2.17247
57.9494 0.910051 2.17047
57.9994 0.910052 2.16459
58.0494 0.910055 2.17374
58.0994 0.910056 2.17553
58.1494 0.910056 2.16305
58.1994 0.910058 2.17255
58.2494 0.910059 2.17362
58.2994 0.91006 2.17638
58.3494 0.910061 2.17969
58.3994 0.910062 2.16956
58.4494 0.910063 2.17563
58.4994 0.910063 2.18341
58.5494 0.910064 2.19142
58.5994 0.910065 2.15577
58.6494 0.910065 2.16323
58.6994 0.910066 2.17093
58.7494 0.910068 2.1774
58.7994 0.910069 2.17708
58.8494 0.91007 2.17957
58.8994 0.91007 2.1628
58.9494 0.910072 2.14307
58.9994 0.910073 2.14251
59.0494 0.910074 2.14715
59.0994 0.910075 2.15333
59.1494 0.910076 2.16272
59.1994 0.910076 2.16119
59.2494 0.910078 2.15287
59.2994 0.910079 2.15876
59.3494 0.910081 2.17019
59.3994 0.910082 2.15588
59.4494 0.910084 2.14656
59.4994 0.910085 2.14609
59.5494 0.910086 2.14001
59.5994 0.910088 2.13687
59.6494 0.910089 2.13169
59.6994 0.910091 2.13009
59.7494 0.910093 2.13755
59.7994 0.910095 2.13105
59.8494 0.910097 2.12355
59.8994 0.9101 2.11239
59.9494 0.910103 2.10634
59.9994 0.910114 2.06473
60.0494 0.910119 2.06232
60.0994 0.910122 2.04798
60.1494 0.910128 2.04823
60.1994 0.91013 2.04277
60.2494 0.910133 2.0272
60.2994 0.910135 2.01248
60.3494 0.910138 2.00841
60.3994 0.910143 1.9661
60.4494 0.910147 1.95148
60.4994 0.910151 1.94555
60.5494 0.910155 1.94207
60.5994 0.910159 1.93718
60.6494 0.910164 1.93716
60.6994 0.910169 1.94305
60.7494 0.910174 1.93021
60.7994 0.910178 1.92263
60.8494 0.910182 1.92798
60.8994 0.910188 1.92862
60.9494 0.910193 1.93831
60.9994 0.910197 1.94073
61.0494 0.910208 1.95045
61.0994 0.910211 1.95052
61.1494 0.910215 1.96108
61.1994 0.910219 1.9359
