time pknown ts
0 0 -nan
0.05 0 -nan
0.1 0.00943238 0
0.15 0.011575 0.00923596
0.2 0.0195308 0.0209436
0.25 0.0247265 0.0376263
0.3 0.0293769 0.0499546
0.35 0.0330516 0.0648047
0.4 0.0358601 0.0809842
0.45 0.0380734 0.0986647
0.5 0.0400196 0.112709
0.55 0.0418921 0.123952
0.6 0.0432693 0.138389
0.65 0.0444196 0.152738
0.7 0.0456276 0.165888
0.75 0.0466234 0.178881
0.8 0.0476234 0.192073
0.85 0.0484237 0.206515
0.9 0.0492435 0.221235
0.95 0.0501017 0.233698
1 0.050834 0.246397
1.05 0.0516138 0.257897
1.1 0.0522901 0.271821
1.15 0.0531419 0.277887
1.2 0.054005 0.283668
1.25 0.0548049 0.291174
1.3 0.0555126 0.300031
1.35 0.0561663 0.313261
1.4 0.056819 0.328429
1.45 0.0573524 0.34394
1.5 0.0578725 0.360315
1.55 0.0584222 0.373076
1.6 0.0589033 0.387502
1.65 0.0593219 0.401137
1.7 0.0597172 0.415395
1.75 0.0600811 0.426882
1.8 0.060417 0.43922
1.85 0.0607749 0.450271
1.9 0.0611412 0.460953
1.95 0.0614831 0.47195
2 0.0617864 0.483206
2.05 0.0620694 0.491769
2.1 0.0623366 0.500271
2.15 0.0626137 0.510267
2.2 0.0628815 0.52116
2.25 0.0631467 0.533425
2.3 0.0634025 0.547993
2.35 0.0636353 0.563849
2.4 0.0638856 0.57838
2.45 0.0641503 0.592358
2.5 0.0644012 0.605048
2.55 0.064684 0.616271
2.6 0.0649956 0.628101
2.65 0.0652533 0.643539
2.7 0.0655501 0.645998
2.75 0.0657549 0.654059
2.8 0.0659904 0.659811
2.85 0.0661751 0.667941
2.9 0.0663469 0.677135
2.95 0.0665435 0.684253
3 0.0667355 0.695763
3.05 0.0669451 0.705369
3.1 0.067162 0.711837
3.15 0.0673613 0.72024
3.2 0.0675866 0.728456
3.25 0.0677766 0.736466
3.3 0.0679516 0.744568
3.35 0.0681024 0.752185
3.4 0.0682616 0.758281
3.45 0.0684242 0.765642
3.5 0.0686085 0.771727
3.55 0.0687798 0.779098
3.6 0.0689741 0.784415
3.65 0.0692069 0.778574
3.7 0.0694611 0.768287
3.75 0.0696676 0.767056
3.8 0.0698606 0.761165
3.85 0.0700691 0.763323
3.9 0.0702381 0.766219
3.95 0.0704812 0.758711
4 0.0707594 0.747742
4.05 0.0710091 0.742543
4.1 0.071269 0.73431
4.15 0.0715449 0.730477
4.2 0.0718597 0.728577
4.25 0.0722011 0.725492
4.3 0.0725585 0.716488
4.35 0.0729282 0.71209
4.4 0.0732954 0.70749
4.45 0.0736895 0.6958
4.5 0.0740803 0.689204
4.55 0.0744844 0.682042
4.6 0.074879 0.674751
4.65 0.0754433 0.657778
4.7 0.0758917 0.652176
4.75 0.0763533 0.646379
4.8 0.076853 0.640691
4.85 0.0773706 0.637027
4.9 0.0778773 0.63342
4.95 0.0784203 0.625454
5 0.078973 0.621853
5.05 0.0795185 0.618572
5.1 0.0800757 0.6145
5.15 0.0806679 0.609802
5.2 0.081261 0.6051
5.25 0.0818888 0.600561
5.3 0.0825299 0.596189
5.35 0.0831956 0.589802
5.4 0.0838502 0.585944
5.45 0.0845285 0.582359
5.5 0.0852445 0.578257
5.55 0.0859596 0.574841
5.6 0.086683 0.572205
5.65 0.0874424 0.570649
5.7 0.08819 0.569924
5.75 0.0889451 0.568868
5.8 0.089718 0.567589
5.85 0.0905061 0.56641
5.9 0.0912917 0.565618
5.95 0.0921231 0.559892
6 0.0929357 0.559316
6.05 0.0937643 0.559272
6.10001 0.0946049 0.559419
6.15001 0.0954759 0.559572
6.20001 0.096374 0.558903
6.25001 0.0972355 0.56042
6.30001 0.0981251 0.562544
6.35001 0.099014 0.564835
6.40001 0.0999125 0.566867
6.45001 0.100845 0.56925
6.50001 0.101788 0.571145
6.55001 0.102725 0.574058
6.60001 0.103703 0.576488
6.65001 0.104678 0.579289
6.70001 0.10564 0.58206
6.75001 0.106642 0.585165
6.80001 0.107642 0.588325
6.85001 0.108616 0.591653
6.90001 0.109575 0.594702
6.95001 0.110567 0.589992
7.00001 0.11155 0.573453
7.05001 0.1125 0.559061
7.10001 0.113505 0.547448
7.15001 0.114492 0.539385
7.20001 0.115551 0.518595
7.25001 0.116556 0.51236
7.30001 0.117598 0.509461
7.35001 0.118591 0.508521
7.40001 0.119565 0.507925
7.45001 0.120532 0.508234
7.50001 0.121503 0.509152
7.55001 0.122492 0.510788
7.60001 0.12345 0.512281
7.65001 0.124456 0.51381
7.70001 0.125387 0.516253
7.75001 0.126394 0.518008
7.80001 0.127364 0.519985
7.85001 0.128352 0.522138
7.90001 0.129315 0.524958
7.95001 0.130247 0.527651
8.00001 0.131212 0.530262
8.05001 0.132187 0.533451
8.10001 0.13314 0.536245
8.15001 0.134042 0.539783
8.20001 0.134994 0.535623
8.25001 0.135932 0.541066
8.30001 0.136809 0.54675
8.35001 0.137763 0.552039
8.40001 0.13872 0.55758
8.45001 0.139638 0.563378
8.50001 0.140501 0.569364
8.55001 0.141458 0.574202
8.60001 0.142401 0.579333
8.65001 0.143263 0.585365
8.70002 0.144181 0.59098
8.75002 0.145145 0.596008
8.80002 0.146014 0.601958
8.85002 0.146862 0.608335
8.90002 0.147801 0.614379
8.95002 0.14871 0.620598
9.00002 0.149596 0.627285
9.05002 0.150503 0.633971
9.10002 0.15149 0.640434
9.15002 0.152378 0.647888
9.20002 0.153471 0.629157
9.25002 0.154461 0.631341
9.30002 0.155446 0.634133
9.35002 0.156358 0.638327
9.40002 0.157321 0.64191
9.45002 0.15836 0.64404
9.50002 0.159374 0.636505
9.55002 0.160357 0.621646
9.60002 0.161854 0.563174
9.65002 0.163049 0.545166
9.70002 0.164168 0.533058
9.75002 0.165256 0.524837
9.80002 0.166376 0.51986
9.85002 0.167489 0.5166
9.90002 0.168581 0.514706
9.95002 0.169707 0.514644
10 0.170784 0.515808
10.05 0.171872 0.516809
10.1 0.172993 0.518327
10.15 0.174122 0.520845
10.2 0.175194 0.524595
10.25 0.176246 0.528412
10.3 0.177344 0.531759
10.35 0.178397 0.536147
10.4 0.179473 0.54092
10.45 0.180555 0.546169
10.5 0.18164 0.551528
10.55 0.182689 0.557021
10.6 0.18377 0.563077
10.65 0.184917 0.569231
10.7 0.186044 0.576562
10.75 0.187109 0.585076
10.8 0.188217 0.593827
10.85 0.189391 0.602506
10.9 0.190509 0.611456
10.95 0.19158 0.620314
11 0.192754 0.629494
11.05 0.193924 0.638775
11.1 0.195024 0.647644
11.15 0.196091 0.657277
11.2 0.197235 0.667188
11.25 0.198409 0.677291
11.3 0.199498 0.68773
11.35 0.200604 0.697728
11.4 0.201741 0.708443
11.45 0.202911 0.720046
11.5 0.204032 0.732152
11.55 0.205279 0.743129
11.6 0.206475 0.754434
11.65 0.207639 0.765872
11.7 0.208834 0.777581
11.75 0.210186 0.788106
11.8 0.211608 0.797467
11.85 0.212939 0.80766
11.9 0.214303 0.815611
11.95 0.215807 0.819856
12 0.217467 0.821
12.05 0.218829 0.821213
12.1 0.220142 0.814441
12.15 0.221474 0.806135
12.2 0.222894 0.801428
12.25 0.224225 0.801247
12.3 0.225606 0.80493
12.35 0.226947 0.811441
12.4 0.228211 0.818745
12.45 0.229565 0.826123
12.5 0.230916 0.832222
12.55 0.232295 0.839746
12.6 0.233636 0.848321
12.65 0.235119 0.857491
12.7 0.236493 0.868144
12.75 0.237932 0.877563
12.8 0.239228 0.888811
12.85 0.240625 0.898105
12.9 0.242226 0.889116
12.95 0.243636 0.893531
13 0.245028 0.899983
13.05 0.246311 0.909051
13.1 0.247689 0.908901
13.15 0.249076 0.915129
13.2 0.250383 0.922023
13.25 0.251765 0.903275
13.3 0.253056 0.90279
13.35 0.254287 0.902163
13.4 0.255558 0.898629
13.45 0.256832 0.896712
13.5 0.258231 0.866585
13.55 0.259429 0.870228
13.6 0.260625 0.875385
13.65 0.261837 0.881247
13.7 0.263069 0.887802
13.75 0.264304 0.894428
13.8 0.265553 0.90245
13.85 0.26684 0.910845
13.9 0.268217 0.90085
13.95 0.269459 0.910937
14 0.270721 0.922859
14.05 0.271945 0.935471
14.1 0.273162 0.947661
14.15 0.274471 0.957633
14.2 0.275743 0.967348
14.25 0.277075 0.950693
14.3 0.278339 0.960437
14.35 0.279601 0.97128
14.4 0.28089 0.982758
14.45 0.282066 0.994884
14.5 0.283324 1.00684
14.55 0.284659 1.01915
14.6 0.285816 1.03294
14.65 0.286976 1.04721
14.7 0.288233 1.06101
14.75 0.289456 1.07577
14.8 0.290587 1.09136
14.85 0.291867 1.10661
14.9 0.293267 1.12142
14.95 0.294403 1.13746
15 0.295653 1.15349
15.05 0.297051 1.16946
15.1 0.29849 1.18521
15.15 0.299898 1.20122
15.2 0.301416 1.21715
15.25 0.302685 1.23403
15.3 0.303985 1.25077
15.35 0.305202 1.26829
15.4 0.306345 1.28623
15.45 0.307514 1.30424
15.5 0.308654 1.32258
15.55 0.309836 1.34043
15.6 0.310949 1.35901
15.65 0.312063 1.37772
15.7 0.313201 1.3969
15.75 0.314296 1.41598
15.8 0.315339 1.4352
15.85 0.316458 1.45444
15.9 0.317571 1.47368
15.95 0.318714 1.49277
16 0.319854 1.51144
16.05 0.32194 1.52126
16.1 0.323291 1.54015
16.15 0.32452 1.5597
16.2 0.325728 1.57964
16.25 0.326869 1.60009
16.3 0.327962 1.62072
16.35 0.32911 1.6415
16.4 0.330256 1.65837
16.45 0.331437 1.64516
16.5 0.33261 1.66526
16.55 0.333776 1.68561
16.6 0.334837 1.7072
16.65 0.335868 1.72878
16.7 0.336932 1.72566
16.75 0.337987 1.72463
16.8 0.33893 1.72679
16.85 0.33985 1.73012
16.9 0.340787 1.73504
16.95 0.34166 1.74006
17 0.342562 1.72876
17.05 0.343391 1.72042
17.1 0.344158 1.73872
17.15 0.344913 1.7562
17.2 0.345785 1.77154
17.25 0.346547 1.78645
17.3 0.347311 1.80102
17.35 0.348094 1.81342
17.4 0.348914 1.82682
17.45 0.349665 1.82081
17.5 0.350389 1.81822
17.55 0.351196 1.83324
17.6 0.351996 1.81558
17.65 0.352741 1.82586
17.7 0.35352 1.83411
17.75 0.354272 1.84048
17.8 0.354983 1.8495
17.85 0.355693 1.86066
17.9 0.356428 1.86996
17.95 0.357154 1.88226
18 0.35785 1.89309
18.05 0.358593 1.90343
18.1 0.359289 1.91364
18.15 0.36001 1.92376
18.2 0.360818 1.93425
18.25 0.361784 1.92587
18.3 0.362821 1.92968
18.35 0.363769 1.93405
18.4 0.364584 1.94026
18.45 0.365335 1.94811
18.5 0.366153 1.95603
18.55 0.366956 1.96457
18.6 0.367779 1.936
18.65 0.368512 1.94492
18.7 0.369254 1.95474
18.75 0.37003 1.96414
18.8 0.370729 1.97429
18.85 0.371467 1.96629
18.9 0.372254 1.96023
18.95 0.372967 1.97044
19 0.373695 1.97987
19.05 0.374467 1.99051
19.1 0.375312 1.99452
19.15 0.376036 2.00394
19.2 0.376932 2.01254
19.25 0.377714 2.01739
19.3 0.378428 2.02864
19.35 0.379125 2.04037
19.4 0.379857 2.05166
19.45 0.380635 2.06371
19.5 0.381322 2.07664
19.55 0.382016 2.09066
19.6 0.382715 2.10436
19.65 0.383474 2.11758
19.7 0.384141 2.13238
19.75 0.384816 2.14671
19.8 0.385569 2.16121
19.85 0.386253 2.1763
19.9 0.38697 2.19209
19.95 0.387728 2.20841
20 0.388413 2.22581
20.05 0.389189 2.20914
20.1 0.390356 2.18777
20.15 0.391282 2.19184
20.2 0.392125 2.19443
20.25 0.393051 2.19934
20.3 0.393902 2.20497
20.35 0.39475 2.21026
20.4 0.395551 2.21641
20.45 0.396326 2.22224
20.5 0.39711 2.22978
20.55 0.397852 2.2372
20.6 0.398687 2.23834
20.65 0.399444 2.24644
20.7 0.400217 2.25502
20.75 0.400965 2.26558
20.8 0.40174 2.27493
20.85 0.402465 2.2863
20.9 0.403185 2.29887
20.95 0.403908 2.3105
21 0.404637 2.31138
21.05 0.405351 2.32324
21.1 0.406138 2.33316
21.15 0.4069 2.3435
21.2 0.407655 2.35466
21.25 0.40841 2.36399
21.3 0.40922 2.37398
21.35 0.410076 2.37829
21.4 0.410841 2.38603
21.45 0.411607 2.39524
21.5 0.412449 2.40252
21.55 0.413246 2.4114
21.6 0.41401 2.39405
21.65 0.41476 2.3997
21.7 0.415591 2.40518
21.75 0.416375 2.41119
21.8 0.417294 2.41381
21.85 0.418054 2.4184
21.9 0.418841 2.42342
21.95 0.419767 2.42859
22 0.420559 2.43133
22.0499 0.421488 2.43577
22.0999 0.422437 2.43612
22.1499 0.423395 2.42135
22.1999 0.42439 2.4311
22.2499 0.425277 2.44183
22.2999 0.426123 2.45327
22.3499 0.426971 2.43941
22.3999 0.42783 2.42234
22.4499 0.428634 2.4278
22.4999 0.429415 2.43268
22.5499 0.430183 2.43705
22.5999 0.430948 2.44163
22.6499 0.431709 2.44795
22.6999 0.432434 2.45649
22.7499 0.433203 2.46469
22.7999 0.433985 2.47277
22.8499 0.434716 2.48234
22.8999 0.435437 2.49485
22.9499 0.43619 2.50554
22.9999 0.436863 2.45428
23.0499 0.437532 2.45227
23.0999 0.438312 2.45467
23.1499 0.438997 2.44545
23.1999 0.43965 2.43252
23.2499 0.44034 2.43745
23.2999 0.440989 2.44212
23.3499 0.441637 2.43366
23.3999 0.442541 2.42123
23.4499 0.443251 2.42511
23.4999 0.443918 2.43192
23.5499 0.444541 2.44009
23.5999 0.445209 2.44766
23.6499 0.445949 2.45568
23.6999 0.446596 2.46305
23.7499 0.447253 2.4727
23.7999 0.447893 2.48188
23.8499 0.448563 2.49105
23.8999 0.449203 2.50015
23.9499 0.449833 2.50928
23.9999 0.450552 2.50445
24.0499 0.451171 2.51643
24.0999 0.451838 2.52865
24.1499 0.452466 2.54076
24.1999 0.453212 2.54502
24.2499 0.45387 2.55164
24.2999 0.454494 2.56016
24.3499 0.455184 2.56829
24.3999 0.45587 2.57732
24.4499 0.456518 2.58877
24.4999 0.457175 2.60112
24.5499 0.457754 2.5805
24.5999 0.458352 2.58476
24.6499 0.458949 2.57973
24.6999 0.459598 2.58017
24.7499 0.460212 2.59106
24.7999 0.46084 2.60216
24.8499 0.461508 2.60451
24.8999 0.462147 2.61535
24.9499 0.462781 2.62687
24.9999 0.463395 2.63919
25.0499 0.464073 2.65114
25.0999 0.464726 2.6638
25.1499 0.465362 2.67763
25.1999 0.466164 2.66915
25.2499 0.466867 2.67998
25.2999 0.467628 2.6927
25.3499 0.468473 2.70482
25.3999 0.469339 2.71573
25.4499 0.470201 2.72685
25.4999 0.471119 2.73802
25.5499 0.472104 2.74829
25.5999 0.473032 2.75994
25.6499 0.474037 2.77108
25.6999 0.474901 2.78435
25.7499 0.475716 2.79905
25.7999 0.476523 2.81449
25.8499 0.477314 2.82484
25.8999 0.478688 2.80805
25.9499 0.479535 2.81992
25.9999 0.480404 2.83213
26.0499 0.481336 2.84255
26.0999 0.48224 2.85386
26.1499 0.483236 2.86549
26.1999 0.484232 2.86007
26.2499 0.485153 2.87063
26.2999 0.486088 2.88205
26.3499 0.48708 2.89201
26.3999 0.48797 2.9033
26.4499 0.488856 2.91612
26.4999 0.489912 2.92723
26.5499 0.490841 2.94023
26.5999 0.491749 2.95421
26.6499 0.492683 2.96829
26.6999 0.493583 2.98299
26.7499 0.494542 2.99788
26.7999 0.495472 3.01372
26.8499 0.496418 3.02949
26.8999 0.497796 3.02763
26.9499 0.498751 3.04218
26.9999 0.499734 3.05736
27.0499 0.500801 3.0718
27.0999 0.501815 3.08692
27.1499 0.502926 3.10253
27.1999 0.504009 3.103
27.2499 0.504934 3.11888
27.2999 0.505889 3.0968
27.3499 0.506983 3.09838
27.3999 0.507929 3.10467
27.4499 0.508838 3.11287
27.4999 0.509846 3.12277
27.5499 0.510803 3.13429
27.5999 0.511644 3.12333
27.6499 0.512533 3.13121
27.6999 0.513364 3.13961
27.7499 0.514184 3.14905
27.7999 0.514979 3.15508
27.8499 0.5158 3.14883
27.8999 0.516573 3.16188
27.9499 0.517335 3.1758
27.9999 0.518062 3.19096
28.0499 0.518828 3.20485
28.0999 0.519555 3.22119
28.1499 0.52028 3.237
28.1999 0.521019 3.25329
28.2499 0.521748 3.26974
28.2999 0.522471 3.27527
28.3499 0.523193 3.29092
28.3999 0.523908 3.30634
28.4499 0.524587 3.32257
28.4999 0.525269 3.33811
28.5499 0.525951 3.35321
28.5998 0.526638 3.36779
28.6498 0.527327 3.38486
28.6998 0.527957 3.40429
28.7498 0.528617 3.42284
28.7998 0.529248 3.44212
28.8498 0.529889 3.44229
28.8998 0.530696 3.4456
28.9498 0.53132 3.44416
28.9998 0.531975 3.45983
29.0498 0.532663 3.47583
29.0998 0.53324 3.49105
29.1498 0.533834 3.5064
29.1998 0.534339 3.50821
29.2498 0.534783 3.52028
29.2998 0.535201 3.53536
29.3498 0.535625 3.55144
29.3998 0.53603 3.56828
29.4498 0.536434 3.58527
29.4998 0.536825 3.60288
29.5498 0.537199 3.62086
29.5998 0.537573 3.63771
29.6498 0.537906 3.65625
29.6998 0.538261 3.67519
29.7498 0.538587 3.6949
29.7998 0.538905 3.71499
29.8498 0.539203 3.73532
29.8998 0.539555 3.75591
29.9498 0.539994 3.76198
29.9998 0.540344 3.78133
30.0498 0.540629 3.80267
30.0998 0.540944 3.82392
30.1498 0.541239 3.84498
30.1998 0.541557 3.85558
30.2498 0.54182 3.87789
30.2998 0.54206 3.90025
30.3498 0.542309 3.92263
30.3998 0.542546 3.9446
30.4498 0.542777 3.95206
30.4998 0.542953 3.93959
30.5498 0.543042 3.95741
30.5998 0.543113 3.97762
30.6498 0.543184 3.98472
30.6998 0.54325 4.00601
30.7498 0.543315 4.02744
30.7998 0.543382 4.04918
30.8498 0.543454 4.07157
30.8998 0.543526 4.09433
30.9498 0.543596 4.11761
30.9998 0.543648 4.14151
31.0498 0.543714 4.16574
31.0998 0.543775 4.19007
31.1498 0.543832 4.21446
31.1998 0.543886 4.23923
31.2498 0.543938 4.26426
31.2998 0.54399 4.28889
31.3498 0.544038 4.31355
31.3998 0.544088 4.33815
31.4498 0.544139 4.36281
31.4998 0.544506 4.36863
31.5498 0.544721 4.38855
31.5998 0.544968 4.40751
31.6498 0.545213 4.42498
31.6998 0.545419 4.44359
31.7498 0.545598 4.46257
31.7998 0.545756 4.48196
31.8498 0.545866 4.5013
31.8998 0.545974 4.52051
31.9498 0.546061 4.5407
31.9998 0.546159 4.56015
32.0498 0.546223 4.58162
32.0998 0.546289 4.60257
32.1498 0.546346 4.62442
32.1998 0.546405 4.64586
32.2498 0.546452 4.66837
32.2998 0.546508 4.69005
32.3498 0.546734 4.69209
32.3998 0.546831 4.70974
32.4498 0.546922 4.72852
32.4998 0.547446 4.71833
32.5498 0.547701 4.72713
32.5998 0.54794 4.73812
32.6498 0.548136 4.73284
32.6998 0.548322 4.74583
32.7498 0.548474 4.76055
32.7998 0.548634 4.77191
32.8498 0.548758 4.7847
32.8998 0.548877 4.79739
32.9498 0.549011 4.80895
32.9998 0.549115 4.82051
33.0498 0.54922 4.83502
33.0998 0.54931 4.85011
33.1498 0.54939 4.85961
33.1998 0.54947 4.87615
33.2498 0.549559 4.89035
33.2998 0.54962 4.90602
33.3498 0.549699 4.91876
33.3998 0.54979 4.93252
33.4498 0.549862 4.94615
33.4998 0.550104 4.94558
33.5498 0.550193 4.94458
33.5998 0.550277 4.95638
33.6498 0.550374 4.9638
33.6998 0.550469 4.97914
33.7498 0.550565 4.99492
33.7998 0.550646 5.01002
33.8498 0.550728 5.02458
33.8998 0.550804 5.04064
33.9498 0.550888 5.05742
33.9998 0.550975 5.07459
34.0498 0.551061 5.09266
34.0998 0.55114 5.11199
34.1498 0.551289 5.10267
34.1998 0.551384 5.12112
34.2498 0.551464 5.14151
34.2998 0.551531 5.16192
34.3498 0.551595 5.1817
34.3998 0.551662 5.18126
34.4498 0.551726 5.19663
34.4998 0.551807 5.21143
34.5498 0.551895 5.2116
34.5998 0.551975 5.21574
34.6498 0.552059 5.23007
34.6998 0.552154 5.24464
34.7498 0.552242 5.25932
34.7998 0.552324 5.27334
34.8498 0.55241 5.28643
34.8998 0.552484 5.30097
34.9498 0.552566 5.31591
34.9998 0.552654 5.32979
35.0498 0.552762 5.34327
35.0998 0.552853 5.35909
35.1497 0.552917 5.36527
35.1997 0.552998 5.38033
35.2497 0.553069 5.39677
35.2997 0.553142 5.4133
35.3497 0.553282 5.41389
35.3997 0.553374 5.40828
35.4497 0.553464 5.41194
35.4997 0.553546 5.42105
35.5497 0.553642 5.42925
35.5997 0.553733 5.43728
35.6497 0.553825 5.44269
35.6997 0.553927 5.45039
35.7497 0.554015 5.45911
35.7997 0.554102 5.46727
35.8497 0.55419 5.47542
35.8997 0.554282 5.48479
35.9497 0.554372 5.4951
35.9997 0.554459 5.50642
36.0497 0.554542 5.51821
36.0997 0.554617 5.53001
36.1497 0.554696 5.53678
36.1997 0.554773 5.54773
36.2497 0.554854 5.54367
36.2997 0.554935 5.54284
36.3497 0.555289 5.50829
36.3997 0.555427 5.5162
36.4497 0.555581 5.52268
36.4997 0.55575 5.5283
36.5497 0.55591 5.50627
36.5997 0.556078 5.49709
36.6497 0.556218 5.49266
36.6997 0.55634 5.49831
36.7497 0.556503 5.50327
36.7997 0.556631 5.51266
36.8497 0.556753 5.52219
36.8997 0.556924 5.52989
36.9497 0.557068 5.53863
36.9997 0.557214 5.54908
37.0497 0.557379 5.55939
37.0997 0.55755 5.56926
37.1497 0.557729 5.58049
37.1997 0.557884 5.59202
37.2497 0.558037 5.60368
37.2997 0.558201 5.61504
37.3497 0.558379 5.62672
37.3997 0.558557 5.63678
37.4497 0.558725 5.64803
37.4997 0.558923 5.65852
37.5497 0.559131 5.66722
37.5997 0.55933 5.67201
37.6497 0.559566 5.64179
37.6997 0.559774 5.64453
37.7497 0.559992 5.64719
37.7997 0.56021 5.65047
37.8497 0.560435 5.65536
37.8997 0.560684 5.66055
37.9497 0.560911 5.66662
37.9997 0.56113 5.67346
38.0497 0.561364 5.6811
38.0997 0.561596 5.68889
38.1497 0.561822 5.69783
38.1997 0.562087 5.70691
38.2497 0.56233 5.71608
38.2997 0.562568 5.72673
38.3497 0.562806 5.73699
38.3997 0.563063 5.74725
38.4497 0.563349 5.75714
38.4997 0.563615 5.76639
38.5497 0.563879 5.77624
38.5997 0.564139 5.78623
38.6497 0.564406 5.79632
38.6997 0.56472 5.80544
38.7497 0.564978 5.8156
38.7997 0.565245 5.82535
38.8497 0.565526 5.8361
38.8997 0.565802 5.84665
38.9497 0.566103 5.85709
38.9997 0.566373 5.86883
39.0497 0.566655 5.88151
39.0997 0.566931 5.89331
39.1497 0.56722 5.90645
39.1997 0.567512 5.91957
39.2497 0.5678 5.9108
39.2997 0.568128 5.92409
39.3497 0.568414 5.93692
39.3997 0.568709 5.94284
39.4497 0.569015 5.9556
39.4997 0.56932 5.96898
39.5497 0.569603 5.98405
39.5997 0.569902 5.99898
39.6497 0.570229 5.98532
39.6997 0.570533 5.99265
39.7497 0.570839 5.99916
39.7997 0.571155 6.00576
39.8497 0.571498 6.01256
39.8997 0.571847 6.022
39.9497 0.572165 6.03193
39.9997 0.572496 6.04165
40.0497 0.572819 6.03971
40.0997 0.57313 6.04692
40.1497 0.5735 6.05394
40.1997 0.573859 6.06072
40.2497 0.574226 6.04148
40.2997 0.574608 6.02871
40.3497 0.575068 6.02886
40.3997 0.575503 5.99276
40.4497 0.5759 5.9955
40.4997 0.576296 5.9975
40.5497 0.576689 6.00024
40.5997 0.577102 6.00233
40.6497 0.577503 5.97875
40.6997 0.577904 5.97768
40.7497 0.578332 5.97719
40.7997 0.578776 5.97447
40.8497 0.579199 5.97498
40.8997 0.579622 5.9771
40.9497 0.580059 5.97763
40.9997 0.580483 5.97982
41.0497 0.580915 5.96979
41.0997 0.581364 5.97256
41.1497 0.581823 5.97405
41.1997 0.582271 5.97805
41.2497 0.58276 5.98317
41.2997 0.583217 5.99037
41.3497 0.583684 5.99799
41.3997 0.584177 6.00396
41.4497 0.584644 6.011
41.4997 0.585145 6.01861
41.5497 0.585621 6.02785
41.5997 0.586116 6.03625
41.6497 0.5866 6.04509
41.6996 0.587092 6.05426
41.7496 0.587587 6.06369
41.7996 0.588052 6.07324
41.8496 0.588551 6.08273
41.8996 0.589035 6.09332
41.9496 0.589505 6.10401
41.9996 0.589971 6.11493
42.0496 0.590457 6.12105
42.0996 0.590933 6.13308
42.1496 0.591404 6.14523
42.1996 0.591856 6.15768
42.2496 0.592301 6.16933
42.2996 0.592767 6.18154
42.3496 0.593198 6.19448
42.3996 0.593647 6.20766
42.4496 0.594073 6.21979
42.4996 0.594557 6.23202
42.5496 0.595012 6.24476
42.5996 0.595449 6.25736
42.6496 0.595897 6.26984
42.6996 0.596347 6.28347
42.7496 0.596807 6.29676
42.7996 0.597251 6.30641
42.8496 0.597698 6.32047
42.8996 0.59814 6.33422
42.9496 0.598582 6.34758
42.9996 0.599065 6.36147
43.0496 0.599503 6.37638
43.0996 0.599971 6.39132
43.1496 0.600408 6.40683
43.1996 0.600855 6.42311
43.2496 0.601305 6.43887
43.2996 0.601782 6.45574
43.3496 0.602266 6.47226
43.3996 0.602776 6.4887
43.4496 0.603299 6.50524
43.4996 0.603825 6.5222
43.5496 0.60436 6.5398
43.5996 0.604921 6.55741
43.6496 0.605527 6.57475
43.6996 0.606107 6.59214
43.7496 0.606755 6.60924
43.7996 0.607403 6.6224
43.8496 0.608107 6.63841
43.8996 0.608868 6.65481
43.9496 0.609711 6.6709
43.9996 0.610619 6.6855
44.0496 0.611535 6.70095
44.0996 0.612434 6.71681
44.1496 0.613357 6.733
44.1996 0.614296 6.74913
44.2496 0.615233 6.76515
44.2996 0.616167 6.76997
44.3496 0.617018 6.7837
44.3996 0.617841 6.79866
44.4496 0.618601 6.81406
44.4996 0.619364 6.82956
44.5496 0.620118 6.8454
44.5996 0.620959 6.8614
44.6496 0.621699 6.87746
44.6996 0.622419 6.89316
44.7496 0.623158 6.90922
44.7996 0.623891 6.92429
44.8496 0.624623 6.94156
44.8996 0.625391 6.94923
44.9496 0.626231 6.92462
44.9996 0.62701 6.91854
45.0496 0.627808 6.9348
45.0996 0.628632 6.95029
45.1496 0.629484 6.9663
45.1996 0.630326 6.98301
45.2496 0.631118 7.00005
45.2996 0.631892 7.01633
45.3496 0.632726 7.03251
45.3996 0.633496 7.05013
45.4496 0.634332 7.06613
45.4996 0.635099 7.08251
45.5496 0.635965 7.09743
45.5996 0.636801 7.11212
45.6496 0.637684 7.12617
45.6996 0.638564 7.14022
45.7496 0.639463 7.15515
45.7996 0.64038 7.17064
45.8496 0.641193 7.18877
45.8996 0.64199 7.20772
45.9496 0.642706 7.2073
45.9996 0.64338 7.21351
46.0496 0.644067 7.23402
46.0996 0.644719 7.25466
46.1496 0.645351 7.2764
46.1996 0.646005 7.29776
46.2496 0.646608 7.31944
46.2996 0.64725 7.34045
46.3496 0.647854 7.36235
46.3996 0.648438 7.38396
46.4496 0.64899 7.40602
46.4996 0.649568 7.42777
46.5496 0.650108 7.45058
46.5996 0.650636 7.47316
46.6496 0.651138 7.46155
46.6996 0.651676 7.48011
46.7496 0.652182 7.49887
46.7996 0.652707 7.50636
46.8496 0.653238 7.52145
46.8996 0.653713 7.53734
46.9496 0.654202 7.55382
46.9996 0.654636 7.57153
47.0496 0.655065 7.58983
47.0996 0.65546 7.61005
47.1496 0.655926 7.63002
47.1996 0.656323 7.6489
47.2496 0.656746 7.67003
47.2996 0.657164 7.69164
47.3496 0.657559 7.69614
47.3996 0.657926 7.71332
47.4496 0.658368 7.73136
47.4996 0.658739 7.74772
47.5496 0.659102 7.76572
47.5996 0.659469 7.78335
47.6496 0.659822 7.80185
47.6996 0.660221 7.81617
47.7496 0.660572 7.82428
47.7996 0.660935 7.8244
47.8496 0.661292 7.83758
47.8996 0.66171 7.84884
47.9496 0.662053 7.86448
47.9996 0.662393 7.8772
48.0496 0.662837 7.88885
48.0996 0.663199 7.89602
48.1496 0.663548 7.88443
48.1996 0.663994 7.88101
48.2495 0.66438 7.86978
48.2995 0.664753 7.85993
48.3495 0.665476 7.85337
48.3995 0.665922 7.85603
48.4495 0.666447 7.85908
48.4995 0.66688 7.86227
48.5495 0.667325 7.86671
48.5995 0.667835 7.87091
48.6495 0.668348 7.87597
48.6995 0.668848 7.87691
48.7495 0.66939 7.88064
48.7995 0.669896 7.88522
48.8495 0.670386 7.89099
48.8995 0.670867 7.89643
48.9495 0.671376 7.90194
48.9995 0.671864 7.90539
49.0495 0.672359 7.90854
49.0995 0.672837 7.91015
49.1495 0.673315 7.90404
49.1995 0.673848 7.90052
49.2495 0.674294 7.89755
49.2995 0.674751 7.89432
49.3495 0.675222 7.88022
49.3995 0.675668 7.87839
49.4495 0.676111 7.88026
49.4995 0.676539 7.88381
49.5495 0.677039 7.88736
49.5995 0.677493 7.89247
49.6495 0.677953 7.89916
49.6995 0.678433 7.90054
49.7495 0.678893 7.90791
49.7995 0.679367 7.91379
49.8495 0.679891 7.91874
49.8995 0.680368 7.92114
49.9495 0.680868 7.92065
49.9995 0.681406 7.91895
50.0495 0.68192 7.92059
50.0995 0.682508 7.92227
50.1495 0.683055 7.91342
50.1995 0.68361 7.91428
50.2495 0.684201 7.91344
50.2995 0.684869 7.91239
50.3495 0.685475 7.89796
50.3995 0.686067 7.89904
50.4495 0.686773 7.89983
50.4995 0.687413 7.90109
50.5495 0.688027 7.90371
50.5995 0.689317 7.87303
50.6495 0.690047 7.8533
50.6995 0.690736 7.85449
50.7495 0.691398 7.84345
50.7995 0.692128 7.83474
50.8495 0.692882 7.83719
50.8995 0.69364 7.84116
50.9495 0.694384 7.84689
50.9995 0.695117 7.8544
51.0495 0.695823 7.86275
51.0995 0.696512 7.87209
51.1495 0.697236 7.86861
51.1995 0.697953 7.87583
51.2495 0.698661 7.8836
51.2995 0.699966 7.86129
51.3495 0.700734 7.86684
51.3995 0.701536 7.87222
51.4495 0.702356 7.87593
51.4995 0.703169 7.8481
51.5495 0.70403 7.849
51.5995 0.705169 7.84287
51.6495 0.706078 7.83052
51.6995 0.706984 7.81383
51.7495 0.707916 7.80858
51.7995 0.708796 7.80733
51.8495 0.709704 7.80526
51.8995 0.710519 7.80504
51.9495 0.711306 7.80814
51.9995 0.712075 7.81175
52.0495 0.712836 7.81607
52.0995 0.713573 7.82026
52.1495 0.714319 7.82626
52.1995 0.715018 7.83263
52.2495 0.715729 7.83898
52.2995 0.716705 7.83769
52.3495 0.717348 7.84586
52.3995 0.718019 7.85503
52.4495 0.71871 7.861
52.4995 0.719374 7.86905
52.5495 0.720009 7.87785
52.5995 0.72074 7.88227
52.6495 0.721383 7.89046
52.6995 0.72201 7.8996
52.7495 0.722624 7.90967
52.7995 0.723243 7.91864
52.8495 0.723837 7.92859
52.8995 0.724447 7.93881
52.9495 0.725013 7.95
52.9995 0.725604 7.9607
53.0495 0.726214 7.97033
53.0995 0.726807 7.98097
53.1495 0.72738 7.99225
53.1995 0.72794 8.00399
53.2495 0.728527 8.01433
53.2995 0.729083 8.02668
53.3495 0.729652 8.03911
53.3995 0.730195 8.05101
53.4495 0.730775 8.05876
53.4995 0.731321 8.07185
53.5495 0.731858 8.08528
53.5995 0.732382 8.08276
53.6495 0.732934 8.09273
53.6995 0.733447 8.10232
53.7495 0.733988 8.11137
53.7995 0.734497 8.12076
53.8495 0.735021 8.13205
53.8995 0.735533 8.14448
53.9495 0.736018 8.15575
53.9995 0.736513 8.16719
54.0495 0.736988 8.17821
54.0995 0.737465 8.18883
54.1495 0.737943 8.19701
54.1995 0.73837 8.2065
54.2495 0.73883 8.2132
54.2995 0.73927 8.22231
54.3495 0.739686 8.23348
54.3995 0.740102 8.24431
54.4495 0.740523 8.24386
54.4995 0.740923 8.25281
54.5495 0.74131 8.2623
54.5995 0.741739 8.26127
54.6495 0.742114 8.27529
54.6995 0.742488 8.28884
54.7495 0.742849 8.30176
54.7994 0.743191 8.31634
54.8494 0.743513 8.33088
54.8994 0.743866 8.34011
54.9494 0.744174 8.35206
54.9994 0.744515 8.36651
55.0494 0.744831 8.38326
55.0994 0.745163 8.39742
55.1494 0.745462 8.41476
55.1994 0.745799 8.42934
55.2494 0.74609 8.44471
55.2994 0.746399 8.46045
55.3494 0.746718 8.47562
55.3994 0.747038 8.4884
55.4494 0.74735 8.49989
55.4994 0.747733 8.51309
55.5494 0.748118 8.52539
55.5994 0.748773 8.5235
55.6494 0.749179 8.53701
55.6994 0.749523 8.55283
55.7494 0.749832 8.57035
55.7994 0.750163 8.5868
55.8494 0.750492 8.60393
55.8994 0.751047 8.61845
55.9494 0.751528 8.63153
55.9994 0.751964 8.6468
56.0494 0.752284 8.66505
56.0994 0.752533 8.68544
56.1494 0.752755 8.70497
56.1994 0.752966 8.71821
56.2494 0.753169 8.73638
56.2994 0.753381 8.75314
56.3494 0.75365 8.74149
56.3994 0.75389 8.75426
56.4494 0.754098 8.76396
56.4994 0.754306 8.77774
56.5494 0.754495 8.78145
56.5994 0.754693 8.78622
56.6494 0.754895 8.80084
56.6994 0.755085 8.81591
56.7494 0.755259 8.83172
56.7994 0.755432 8.84837
56.8494 0.755606 8.86638
56.8994 0.755771 8.88365
56.9494 0.755946 8.89849
56.9994 0.756116 8.9169
57.0494 0.756289 8.93294
57.0994 0.75646 8.95078
57.1494 0.756618 8.9684
57.1994 0.756771 8.97194
57.2494 0.756936 8.96817
57.2994 0.757097 8.98359
57.3494 0.757252 8.991
57.3994 0.7574 9.00057
57.4494 0.757559 8.98511
57.4994 0.757706 8.9943
57.5494 0.757858 9.00161
57.5994 0.758012 9.00762
57.6494 0.758166 9.01695
57.6994 0.758367 8.99262
57.7494 0.758542 8.99811
57.7994 0.758699 9.00546
57.8494 0.758862 9.01243
57.8994 0.75903 9.01874
57.9494 0.759229 9.02372
57.9994 0.759409 9.03152
58.0494 0.759592 9.03829
58.0994 0.759773 9.04757
58.1494 0.75996 9.05694
58.1994 0.76013 9.06077
58.2494 0.760306 9.06331
58.2994 0.760468 9.07419
58.3494 0.760638 9.08598
58.3994 0.760794 9.09751
58.4494 0.760954 9.11042
58.4994 0.761124 9.12212
58.5494 0.76129 9.13553
58.5994 0.761449 9.1495
58.6494 0.761618 9.1621
58.6994 0.762085 9.15689
58.7494 0.762322 9.16685
58.7994 0.762585 9.17769
58.8494 0.762839 9.18927
58.8994 0.763059 9.20286
58.9494 0.763299 9.21622
58.9994 0.763802 9.21878
59.0494 0.76404 9.23151
59.0994 0.764246 9.24457
59.1494 0.764459 9.25715
59.1994 0.764644 9.25947
59.2494 0.764834 9.27184
59.2994 0.765024 9.28318
59.3494 0.765204 9.29473
59.3994 0.765371 9.30694
59.4494 0.765544 9.31955
59.4994 0.765702 9.3322
59.5494 0.765853 9.34602
59.5994 0.765988 9.35919
59.6494 0.766123 9.37239
59.6994 0.766257 9.38501
59.7494 0.766386 9.39855
59.7994 0.766512 9.41221
59.8494 0.766645 9.42601
59.8994 0.766762 9.4397
59.9494 0.766883 9.45352
59.9994 0.767002 9.46694
60.0494 0.767125 9.48096
60.0994 0.767245 9.4943
60.1494 0.767356 9.50873
60.1994 0.767466 9.51489
60.2494 0.767593 9.52898
60.2994 0.767699 9.54417
60.3494 0.767809 9.55829
60.3994 0.767902 9.57345
60.4494 0.767994 9.58863
60.4994 0.768063 9.60369
60.5494 0.768143 9.61889
