time pknown ts
0.1 0.0311306 0
0.15 0.0396293 0.0109592
0.2 0.0494168 0.0198392
0.25 0.0557117 0.0279606
0.3 0.0601215 0.0362886
0.35 0.0631456 0.0460453
0.4 0.0653737 0.0549343
0.45 0.0669545 0.0649991
0.5 0.0682333 0.0753977
0.55 0.069372 0.0850782
0.6 0.0702747 0.095652
0.65 0.0709771 0.106248
0.7 0.0717046 0.115762
0.75 0.072348 0.124895
0.8 0.0729839 0.133111
0.85 0.073585 0.141902
0.9 0.0741231 0.151014
0.95 0.0745875 0.160926
1 0.0750224 0.171428
1.05 0.075431 0.181079
1.1 0.0757289 0.192636
1.15 0.0760491 0.20267
1.2 0.0763305 0.213327
1.25 0.0766535 0.222966
1.3 0.0769119 0.233781
1.35 0.0771512 0.244299
1.4 0.077368 0.254825
1.45 0.0775807 0.264646
1.5 0.0777844 0.275288
1.55 0.0779869 0.285332
1.6 0.0781665 0.294876
1.65 0.0783424 0.303468
1.7 0.0784816 0.31324
1.75 0.0786364 0.322815
1.8 0.078803 0.333202
1.85 0.0789438 0.344091
1.9 0.0790866 0.354019
1.95 0.079226 0.364201
2 0.0793411 0.375452
2.05 0.0794863 0.382664
2.1 0.0795918 0.393194
2.15 0.0796918 0.404008
2.2 0.0797889 0.414031
2.25 0.0798799 0.424107
2.3 0.0799754 0.433262
2.35 0.0800786 0.441467
2.4 0.0801756 0.45065
2.45 0.0802703 0.461094
2.5 0.0803642 0.473271
2.55 0.0804479 0.485542
2.6 0.0805451 0.494024
2.65 0.0806461 0.50098
2.7 0.080766 0.508697
2.75 0.0808794 0.515693
2.8 0.0810146 0.520749
2.85 0.0811647 0.524462
2.9 0.0813154 0.525696
2.95 0.0814696 0.529293
3 0.081619 0.532736
3.05 0.0817617 0.537431
3.1 0.0819129 0.541092
3.15 0.0820589 0.543826
3.2 0.082241 0.541861
3.25 0.0824244 0.541881
3.3 0.0826924 0.532359
3.35 0.0828886 0.53334
3.4 0.0831103 0.530796
3.45 0.0833428 0.527851
3.5 0.0835847 0.524811
3.55 0.0838462 0.517826
3.6 0.0841069 0.514846
3.65 0.0844076 0.510193
3.7 0.0847186 0.50452
3.75 0.0850348 0.501366
3.8 0.0853629 0.495617
3.85 0.0857755 0.485405
3.9 0.0861961 0.475285
3.95 0.0866342 0.468328
4 0.0870992 0.458934
4.05 0.0875743 0.449249
4.1 0.0880385 0.443014
4.15 0.0885026 0.436136
4.2 0.0890189 0.42736
4.25 0.0895241 0.419767
4.3 0.0900218 0.413397
4.35 0.0905749 0.407053
4.4 0.09111 0.40011
4.45 0.0916965 0.393045
4.5 0.0922819 0.387496
4.55 0.0928964 0.379017
4.6 0.093538 0.372469
4.65 0.0942027 0.363525
4.7 0.0948776 0.35497
4.75 0.0956068 0.344953
4.8 0.0963215 0.336004
4.85 0.0970856 0.325662
4.9 0.0978519 0.316114
4.95 0.0986386 0.306938
5 0.099432 0.296976
5.05 0.100252 0.286547
5.1 0.1011 0.276196
5.15 0.101958 0.266327
5.2 0.102875 0.255412
5.25 0.103795 0.245494
5.3 0.104754 0.235629
5.35 0.105724 0.225639
5.4 0.106721 0.216153
5.45 0.107745 0.206665
5.5 0.108791 0.197975
5.55 0.10984 0.189248
5.6 0.110903 0.181412
5.65 0.112006 0.173801
5.7 0.113139 0.166663
5.75 0.114275 0.15962
5.8 0.115428 0.15353
5.85 0.116601 0.147901
5.9 0.117796 0.142888
5.95 0.119 0.138083
6 0.120205 0.134055
6.05 0.121442 0.130293
6.10001 0.122685 0.126972
6.15001 0.12393 0.124323
6.20001 0.125181 0.121778
6.25001 0.126435 0.120182
6.30001 0.127677 0.118794
6.35001 0.128951 0.117745
6.40001 0.130203 0.117036
6.45001 0.131484 0.116577
6.50001 0.132729 0.116394
6.55001 0.133991 0.116525
6.60001 0.135243 0.11691
6.65001 0.136497 0.117685
6.70001 0.137746 0.118768
6.75001 0.138989 0.119997
6.80001 0.140233 0.121397
6.85001 0.141456 0.123157
6.90001 0.142664 0.125101
6.95001 0.143887 0.127299
7.00001 0.145095 0.129671
7.05001 0.146286 0.132301
7.10001 0.147471 0.135227
7.15001 0.148636 0.138138
7.20001 0.149802 0.141244
7.25001 0.150962 0.144598
7.30001 0.152121 0.148323
7.35001 0.153239 0.152205
7.40001 0.154391 0.156256
7.45001 0.155538 0.160445
7.50001 0.156662 0.165056
7.55001 0.157781 0.169588
7.60001 0.158901 0.174508
7.65001 0.160012 0.179523
7.70001 0.161074 0.18519
7.75001 0.16212 0.191023
7.80001 0.163147 0.19701
7.85001 0.164188 0.203266
7.90001 0.165216 0.209958
7.95001 0.166231 0.216804
8.00001 0.167264 0.223909
8.05001 0.168291 0.231531
8.10001 0.169293 0.239437
8.15001 0.170426 0.245324
8.20001 0.171452 0.253155
8.25001 0.172505 0.261024
8.30001 0.173547 0.269162
8.35001 0.174604 0.277869
8.40001 0.17564 0.286786
8.45001 0.176684 0.295876
8.50001 0.177727 0.305461
8.55001 0.178755 0.31584
8.60001 0.179777 0.326351
8.65001 0.180823 0.336958
8.70002 0.181891 0.347986
8.75002 0.182953 0.358975
8.80002 0.18402 0.37045
8.85002 0.1851 0.382293
8.90002 0.186133 0.394947
8.95002 0.187134 0.408051
9.00002 0.188146 0.421333
9.05002 0.189392 0.431542
9.10002 0.190458 0.444145
9.15002 0.191482 0.457336
9.20002 0.192503 0.470825
9.25002 0.193485 0.484801
9.30002 0.194423 0.499652
9.35002 0.195341 0.514924
9.40002 0.19622 0.53074
9.45002 0.197069 0.546778
9.50002 0.197909 0.563336
9.55002 0.198719 0.580355
9.60002 0.199493 0.598067
9.65002 0.200264 0.616171
9.70002 0.201006 0.63453
9.75002 0.201692 0.65349
9.80002 0.202365 0.67275
9.85002 0.202995 0.692817
9.90002 0.203592 0.713321
9.95002 0.204138 0.715616
10 0.204647 0.733148
10.05 0.205276 0.746739
10.1 0.205743 0.766416
10.15 0.20622 0.785577
10.2 0.206655 0.804821
10.25 0.207077 0.823546
10.3 0.207483 0.841217
10.35 0.207876 0.859644
10.4 0.208237 0.878327
10.45 0.208593 0.897804
10.5 0.208966 0.912212
10.55 0.209292 0.931065
10.6 0.209606 0.949374
10.65 0.209913 0.96975
10.7 0.210193 0.99091
10.75 0.210461 1.01275
10.8 0.210734 1.03493
10.85 0.21099 1.05772
10.9 0.211241 1.08071
10.95 0.211476 1.10359
11 0.21173 1.09077
11.05 0.211976 1.10633
11.1 0.212207 1.12405
11.15 0.212431 1.141
11.2 0.21276 1.14666
11.25 0.213011 1.16089
11.3 0.213268 1.17912
11.35 0.21353 1.17996
11.4 0.213778 1.19515
11.45 0.214438 1.18485
11.5 0.2148 1.19255
11.55 0.215171 1.20371
11.6 0.215576 1.19281
11.65 0.216016 1.20076
11.7 0.216586 1.19533
11.75 0.217086 1.20182
11.8 0.217543 1.21151
11.85 0.218004 1.22105
11.9 0.218465 1.23112
11.95 0.218921 1.24206
12 0.219381 1.25338
12.05 0.220059 1.2538
12.1 0.220691 1.25448
12.15 0.221273 1.26409
12.2 0.221812 1.2764
12.25 0.222349 1.29143
12.3 0.22289 1.29075
12.35 0.223496 1.29473
12.4 0.22423 1.29616
12.45 0.224832 1.30364
12.5 0.225379 1.31413
12.55 0.22599 1.31978
12.6 0.22669 1.32736
12.65 0.227311 1.33543
12.7 0.228002 1.337
12.75 0.228639 1.34213
12.8 0.229459 1.32067
12.85 0.23016 1.31877
12.9 0.230864 1.3224
12.95 0.23161 1.32747
13 0.232457 1.32533
13.05 0.233156 1.33016
13.1 0.233824 1.33639
13.15 0.234483 1.34313
13.2 0.235187 1.34401
13.25 0.235866 1.34929
13.3 0.236618 1.35407
13.35 0.237422 1.35369
13.4 0.238155 1.35538
13.45 0.238897 1.35127
13.5 0.239628 1.35429
13.55 0.240297 1.35768
13.6 0.240951 1.36323
13.65 0.24157 1.36889
13.7 0.242189 1.37493
13.75 0.24294 1.36677
13.8 0.243566 1.36052
13.85 0.244215 1.36405
13.9 0.244893 1.36941
13.95 0.24554 1.37424
14 0.24613 1.3745
14.05 0.246843 1.36832
14.1 0.247423 1.37328
14.15 0.24859 1.34098
14.2 0.249404 1.32487
14.25 0.25016 1.32551
14.3 0.250936 1.32622
14.35 0.251776 1.31823
14.4 0.252487 1.31434
14.45 0.25319 1.31712
14.5 0.253936 1.3197
14.55 0.254652 1.32208
14.6 0.255365 1.32525
14.65 0.256119 1.32884
14.7 0.256841 1.33311
14.75 0.257511 1.33915
14.8 0.25823 1.34468
14.85 0.258921 1.34684
14.9 0.259607 1.35324
14.95 0.260326 1.36032
15 0.261063 1.3691
15.05 0.261808 1.37647
15.1 0.262531 1.38573
15.15 0.263259 1.39066
15.2 0.263962 1.37603
15.25 0.264632 1.38203
15.3 0.265291 1.38888
15.35 0.266057 1.38992
15.4 0.266711 1.39117
15.45 0.267337 1.39747
15.5 0.268022 1.39151
15.55 0.268646 1.39852
15.6 0.269237 1.40621
15.65 0.269843 1.41578
15.7 0.270365 1.42215
15.75 0.270853 1.43096
15.8 0.271377 1.43897
15.85 0.271975 1.44767
15.9 0.272558 1.45698
15.95 0.273071 1.46726
16 0.273686 1.47679
16.05 0.274253 1.47879
16.1 0.274778 1.48649
16.15 0.275316 1.49385
16.2 0.275884 1.50141
16.25 0.276429 1.50893
16.3 0.27698 1.51678
16.35 0.277606 1.52282
16.4 0.278325 1.52765
16.45 0.278919 1.5384
16.5 0.279589 1.53037
16.55 0.280204 1.53906
16.6 0.280869 1.53911
16.65 0.281516 1.54745
16.7 0.282232 1.55796
16.75 0.28286 1.56983
16.8 0.2835 1.58161
16.85 0.284176 1.59265
16.9 0.284901 1.58286
16.95 0.285656 1.58896
17 0.286329 1.59455
17.05 0.286986 1.59722
17.1 0.287599 1.60177
17.15 0.288235 1.60834
17.2 0.288868 1.61625
17.25 0.289486 1.60291
17.3 0.290099 1.60974
17.35 0.290722 1.61402
17.4 0.291357 1.62045
17.45 0.292051 1.62406
17.5 0.292647 1.6289
17.55 0.293282 1.63444
17.6 0.294313 1.63509
17.65 0.294959 1.64113
17.7 0.295658 1.64741
17.75 0.296431 1.64727
17.8 0.297182 1.65078
17.85 0.297935 1.6573
17.9 0.298634 1.66415
17.95 0.299324 1.6724
18 0.30001 1.67991
18.05 0.30067 1.68674
18.1 0.301328 1.69375
18.15 0.302084 1.69676
18.2 0.302761 1.70317
18.25 0.303494 1.71021
18.3 0.304267 1.71693
18.35 0.304967 1.71398
18.4 0.305669 1.71932
18.45 0.306344 1.7272
18.5 0.307119 1.7329
18.55 0.307832 1.73758
18.6 0.308566 1.7427
18.65 0.309318 1.74702
18.7 0.309988 1.74759
18.75 0.310755 1.74905
18.8 0.311549 1.75275
18.85 0.312294 1.75739
18.9 0.313055 1.75824
18.95 0.31397 1.76218
19 0.314696 1.76367
19.05 0.315402 1.77006
19.1 0.316099 1.77641
19.15 0.316793 1.77955
19.2 0.317489 1.78233
19.25 0.318107 1.79044
19.3 0.318804 1.77134
19.35 0.319418 1.76715
19.4 0.319995 1.76425
19.45 0.320593 1.76702
19.5 0.321259 1.76519
19.55 0.321822 1.76866
19.6 0.322363 1.77327
19.65 0.322893 1.77848
19.7 0.323435 1.78103
19.75 0.323979 1.78823
19.8 0.324516 1.79348
19.85 0.32515 1.78844
19.9 0.325712 1.78964
19.95 0.326267 1.79165
20 0.326825 1.79286
20.05 0.327353 1.79463
20.1 0.327943 1.7942
20.15 0.328517 1.79663
20.2 0.329125 1.79898
20.25 0.329757 1.80313
20.3 0.330427 1.80783
20.35 0.331138 1.81153
20.4 0.331755 1.8199
20.45 0.332368 1.82755
20.5 0.333044 1.83473
20.55 0.333678 1.84561
20.6 0.334362 1.85656
20.65 0.334998 1.86834
20.7 0.335685 1.87833
20.75 0.336324 1.89074
20.8 0.33716 1.88998
20.85 0.337751 1.89973
20.9 0.338498 1.90657
20.95 0.3391 1.91757
21 0.339846 1.92776
21.05 0.340661 1.91881
21.1 0.341292 1.92299
21.15 0.341909 1.92992
21.2 0.342528 1.93965
21.25 0.343152 1.94798
21.3 0.343756 1.95439
21.35 0.344387 1.96125
21.4 0.345125 1.96015
21.45 0.345716 1.96843
21.5 0.346426 1.97416
21.55 0.347047 1.98607
21.6 0.34766 1.99879
21.65 0.348279 2.01269
21.7 0.348943 2.0249
21.75 0.349606 2.03812
21.8 0.350231 2.05314
21.85 0.350886 2.06632
21.9 0.351547 2.08264
21.95 0.352259 2.09823
22 0.352915 2.11476
22.0499 0.353539 2.13181
22.0999 0.354179 2.15028
22.1499 0.354853 2.16922
22.1999 0.35549 2.18665
22.2499 0.356146 2.20545
22.2999 0.356857 2.22443
22.3499 0.357577 2.24299
22.3999 0.358427 2.26009
22.4499 0.35921 2.27428
22.4999 0.360018 2.28758
22.5499 0.360719 2.30173
22.5999 0.361508 2.31885
22.6499 0.362309 2.33645
22.6999 0.363129 2.34236
22.7499 0.363828 2.35883
22.7999 0.364537 2.37666
22.8499 0.365233 2.391
22.8999 0.36607 2.4071
22.9499 0.366769 2.42553
22.9999 0.367509 2.43877
23.0499 0.368201 2.44223
23.0999 0.368883 2.45806
23.1499 0.36959 2.47669
23.1999 0.370286 2.49565
23.2499 0.370948 2.51548
23.2999 0.371609 2.53354
23.3499 0.372351 2.55105
23.3999 0.373951 2.56061
23.4499 0.374747 2.56946
23.4999 0.375645 2.54791
23.5499 0.376699 2.5475
23.5999 0.377622 2.55453
23.6499 0.378503 2.5625
23.6999 0.379423 2.5693
23.7499 0.380388 2.5781
23.7999 0.38127 2.58899
23.8499 0.382235 2.59941
23.8999 0.383243 2.61045
23.9499 0.384178 2.62135
23.9999 0.385345 2.62832
24.0499 0.386547 2.6218
24.0999 0.387609 2.62982
24.1499 0.388869 2.63339
24.1999 0.390246 2.63616
24.2499 0.391384 2.64317
24.2999 0.392761 2.64936
24.3499 0.394123 2.63355
24.3999 0.39571 2.62754
24.4499 0.397036 2.62973
24.4999 0.399135 2.62542
24.5499 0.400889 2.60859
24.5999 0.402412 2.60797
24.6499 0.404153 2.60703
24.6999 0.405678 2.60721
24.7499 0.406935 2.60922
24.7999 0.408084 2.61311
24.8499 0.409191 2.6094
24.8999 0.410257 2.61342
24.9499 0.411308 2.61617
24.9999 0.41245 2.61746
25.0499 0.413756 2.61379
25.0999 0.414907 2.61706
25.1499 0.415952 2.62077
25.1999 0.417072 2.62486
25.2499 0.418146 2.63094
25.2999 0.419189 2.63639
25.3499 0.420297 2.64222
25.3999 0.421441 2.62608
25.4499 0.422484 2.62454
25.4999 0.423449 2.62823
25.5499 0.424391 2.63348
25.5999 0.42544 2.63953
25.6499 0.426403 2.64597
25.6999 0.427306 2.6504
25.7499 0.428232 2.65417
25.7999 0.429238 2.65922
25.8499 0.430154 2.66622
25.8999 0.431019 2.67564
25.9499 0.432025 2.6846
25.9999 0.432911 2.69466
26.0499 0.434 2.70052
26.0999 0.434883 2.70655
26.1499 0.435926 2.71495
26.1999 0.436864 2.72635
26.2499 0.437915 2.73046
26.2999 0.43986 2.72312
26.3499 0.441006 2.72999
26.3999 0.442133 2.73536
26.4499 0.443453 2.74148
26.4999 0.444686 2.75369
26.5499 0.44593 2.75975
26.5999 0.447153 2.77194
26.6499 0.44822 2.7858
26.6999 0.449263 2.79893
26.7499 0.450288 2.8131
26.7999 0.451316 2.82785
26.8499 0.452301 2.84084
26.8999 0.45324 2.85594
26.9499 0.454164 2.87064
26.9999 0.455067 2.88633
27.0499 0.455916 2.90514
27.0999 0.456811 2.92304
27.1499 0.45763 2.94175
27.1999 0.458469 2.9601
27.2499 0.459294 2.98056
27.2999 0.460114 3.00217
27.3499 0.460951 3.02408
27.3999 0.461755 3.04619
27.4499 0.46259 3.06792
27.4999 0.46336 3.08796
27.5499 0.46408 3.1122
27.5999 0.464793 3.13741
27.6499 0.465542 3.16183
27.6999 0.466225 3.18647
27.7499 0.466919 3.21022
27.7999 0.467572 3.23525
27.8499 0.468249 3.26076
27.8999 0.46899 3.2731
27.9499 0.469684 3.29663
27.9999 0.470372 3.32099
28.0499 0.47102 3.32793
28.0999 0.471653 3.34994
28.1499 0.472291 3.3731
28.1999 0.472945 3.39428
28.2499 0.47357 3.41584
28.2999 0.474187 3.4385
28.3499 0.474807 3.45328
28.3999 0.47541 3.47524
28.4499 0.476009 3.49375
28.4999 0.476602 3.51134
28.5499 0.477285 3.52229
28.5998 0.477886 3.54057
28.6498 0.478481 3.55983
28.6998 0.479037 3.5819
28.7498 0.479586 3.6048
28.7998 0.480155 3.62776
28.8498 0.480724 3.63593
28.8998 0.481264 3.65947
28.9498 0.481768 3.68315
28.9998 0.482271 3.70764
29.0498 0.482815 3.73096
29.0998 0.483373 3.75337
29.1498 0.483885 3.77628
29.1998 0.484348 3.79909
29.2498 0.484894 3.8193
29.2998 0.485569 3.84035
29.3498 0.486239 3.85461
29.3998 0.486723 3.87705
29.4498 0.487213 3.90036
29.4998 0.487742 3.91834
29.5498 0.488285 3.93326
29.5998 0.488726 3.95394
29.6498 0.489149 3.97724
29.6998 0.489574 4.00192
29.7498 0.489956 4.02741
29.7998 0.491405 4.03881
29.8498 0.492371 4.05403
29.8998 0.492981 4.07206
29.9498 0.493596 4.0898
29.9998 0.494165 4.10947
30.0498 0.494653 4.1312
30.0998 0.495111 4.15313
30.1498 0.495989 4.16538
30.1998 0.496414 4.18777
30.2498 0.496807 4.20821
30.2998 0.497181 4.23106
30.3498 0.497547 4.25245
30.3998 0.497901 4.27556
30.4498 0.498255 4.29932
30.4998 0.49861 4.32437
30.5498 0.500273 4.32079
30.5998 0.50076 4.34242
30.6498 0.501176 4.36104
30.6998 0.50164 4.3819
30.7498 0.502257 4.40057
30.7998 0.503066 4.41812
30.8498 0.504192 4.43215
30.8998 0.505583 4.44507
30.9498 0.506556 4.46323
30.9998 0.507376 4.4826
31.0498 0.508142 4.50278
31.0998 0.50887 4.52182
31.1498 0.509576 4.54284
31.1998 0.510235 4.56578
31.2498 0.510882 4.57782
31.2998 0.511506 4.60045
31.3498 0.5121 4.62365
31.3998 0.512674 4.64735
31.4498 0.513207 4.67279
31.4998 0.513712 4.69494
31.5498 0.515003 4.70963
31.5998 0.515763 4.73173
31.6498 0.51641 4.7562
31.6998 0.5171 4.78073
31.7498 0.517651 4.80817
31.7998 0.518167 4.83389
31.8498 0.518633 4.86272
31.8998 0.519074 4.89133
31.9498 0.519496 4.92022
31.9998 0.519874 4.95037
32.0498 0.520251 4.97465
32.0998 0.520602 5.00441
32.1498 0.520957 5.02967
32.1998 0.521288 5.05968
32.2498 0.521585 5.08706
32.2998 0.521836 5.11483
32.3498 0.522126 5.12918
32.3998 0.522939 5.14504
32.4498 0.523283 5.16768
32.4998 0.523601 5.19133
32.5498 0.523979 5.21072
32.5998 0.524361 5.23211
32.6498 0.524737 5.25532
32.6998 0.525148 5.27818
32.7498 0.525477 5.29916
32.7998 0.525894 5.32229
32.8498 0.526277 5.33811
32.8998 0.527272 5.31011
32.9498 0.527798 5.32081
32.9998 0.528195 5.33704
33.0498 0.528586 5.35534
33.0998 0.528953 5.37548
33.1498 0.529301 5.39685
33.1998 0.529676 5.41897
33.2498 0.530047 5.44075
33.2998 0.53037 5.46288
33.3498 0.530678 5.47861
33.3998 0.531751 5.49571
33.4498 0.532225 5.51853
33.4998 0.532599 5.54275
33.5498 0.532963 5.56724
33.5998 0.533263 5.59346
33.6498 0.533623 5.61936
33.6998 0.533973 5.64598
33.7498 0.534275 5.6726
33.7998 0.534593 5.70231
33.8498 0.53488 5.73283
33.8998 0.53517 5.75973
33.9498 0.535446 5.78343
33.9998 0.535716 5.81133
34.0498 0.535963 5.83994
34.0998 0.536201 5.86709
34.1498 0.536685 5.8627
34.1998 0.536944 5.88582
34.2498 0.53725 5.89985
34.2998 0.537531 5.92178
34.3498 0.537834 5.93838
34.3998 0.538789 5.95223
34.4498 0.539294 5.97281
34.4998 0.539727 5.99454
34.5498 0.540124 6.01636
34.5998 0.5405 6.04074
34.6498 0.540882 6.06496
34.6998 0.541246 6.09014
34.7498 0.541613 6.11566
34.7998 0.541964 6.14247
34.8498 0.542315 6.1694
34.8998 0.542667 6.19264
34.9498 0.542992 6.22046
34.9998 0.543337 6.24782
35.0498 0.543643 6.27204
35.0998 0.543949 6.29785
35.1497 0.544254 6.32205
35.1997 0.544568 6.34708
35.2497 0.544984 6.37251
35.2997 0.545411 6.39807
35.3497 0.545795 6.42224
35.3997 0.546136 6.4498
35.4497 0.546534 6.47381
35.4997 0.546987 6.49831
35.5497 0.547443 6.52374
35.5997 0.547915 6.54891
35.6497 0.548391 6.57408
35.6997 0.548853 6.60039
35.7497 0.549192 6.62441
35.7997 0.549536 6.64414
35.8497 0.549894 6.66918
35.8997 0.55038 6.67374
35.9497 0.550774 6.69631
35.9997 0.551116 6.72064
36.0497 0.551453 6.7464
36.0997 0.551773 6.77411
36.1497 0.552087 6.80244
36.1997 0.552397 6.83002
36.2497 0.552704 6.85569
36.2997 0.553054 6.87414
36.3497 0.553381 6.8642
36.3997 0.553753 6.87837
36.4497 0.554095 6.89646
36.4997 0.554419 6.91853
36.5497 0.554776 6.93958
36.5997 0.555139 6.9596
36.6497 0.555493 6.97902
36.6997 0.556286 6.97276
36.7497 0.556734 6.98528
36.7997 0.557141 6.99822
36.8497 0.557672 7.01548
36.8997 0.558666 7.01218
36.9497 0.559338 7.0282
36.9997 0.560473 7.03929
37.0497 0.561835 7.0458
37.0997 0.562616 7.06142
37.1497 0.56335 7.07716
37.1997 0.564049 7.09323
37.2497 0.564742 7.10905
37.2997 0.565428 7.12475
37.3497 0.566103 7.143
37.3997 0.566818 7.16152
37.4497 0.56752 7.17753
37.4997 0.568215 7.18904
37.5497 0.568881 7.20278
37.5997 0.569565 7.21994
37.6497 0.570218 7.23848
37.6997 0.571552 7.21623
37.7497 0.572292 7.22886
37.7997 0.57295 7.2399
37.8497 0.573574 7.25464
37.8997 0.574156 7.26989
37.9497 0.574693 7.28733
37.9997 0.575185 7.30697
38.0497 0.575624 7.32977
38.0997 0.576031 7.3534
38.1497 0.576414 7.37601
38.1997 0.576849 7.3989
38.2497 0.577268 7.39506
38.2997 0.577632 7.41471
38.3497 0.577974 7.43871
38.3997 0.578342 7.46101
38.4497 0.579158 7.41625
38.4997 0.579472 7.43562
38.5497 0.579837 7.43393
38.5997 0.58023 7.44191
38.6497 0.580655 7.4546
38.6997 0.581098 7.46388
38.7497 0.581589 7.47314
38.7997 0.582175 7.48274
38.8497 0.582958 7.48818
38.8997 0.583839 7.49162
38.9497 0.584423 7.49807
38.9997 0.584949 7.50988
39.0497 0.585432 7.51384
39.0997 0.585894 7.52558
39.1497 0.586372 7.53817
39.1997 0.58683 7.5515
39.2497 0.587287 7.57073
39.2997 0.587712 7.58811
39.3497 0.588146 7.60753
39.3997 0.5886 7.62851
39.4497 0.589325 7.63844
39.4997 0.589755 7.65396
39.5497 0.590156 7.67378
39.5997 0.590546 7.69139
39.6497 0.590939 7.70803
39.6997 0.591327 7.72751
39.7497 0.591684 7.74533
39.7997 0.592061 7.7573
39.8497 0.592424 7.77555
39.8997 0.592763 7.79025
39.9497 0.59314 7.80135
39.9997 0.5935 7.81288
40.0497 0.593883 7.81207
40.0997 0.59424 7.81637
40.1497 0.594591 7.82847
40.1997 0.594934 7.83737
40.2497 0.595284 7.85022
40.2997 0.595622 7.85928
40.3497 0.595957 7.86881
40.3997 0.596282 7.88461
40.4497 0.596601 7.902
40.4997 0.596966 7.91794
40.5497 0.597295 7.93172
40.5997 0.597628 7.94744
40.6497 0.597938 7.96344
40.6997 0.598253 7.9807
40.7497 0.598575 7.99515
40.7997 0.598881 8.01241
40.8497 0.599172 8.0299
40.8997 0.599453 8.04762
40.9497 0.599755 8.06352
40.9997 0.600035 8.07997
41.0497 0.600315 8.08967
41.0997 0.600571 8.10295
41.1497 0.600873 8.11481
41.1997 0.601151 8.12389
41.2497 0.601406 8.1216
41.2997 0.601649 8.12218
41.3497 0.60194 8.12258
41.3997 0.602241 8.12762
41.4497 0.602508 8.13597
41.4997 0.602832 8.14304
41.5497 0.60338 8.10818
41.5997 0.603662 8.12087
41.6497 0.603939 8.13646
41.6996 0.604178 8.15312
41.7496 0.604402 8.16929
41.7996 0.604686 8.18604
41.8496 0.60493 8.20285
41.8996 0.605181 8.21909
41.9496 0.605424 8.23406
41.9996 0.605766 8.25023
42.0496 0.606019 8.26525
42.0996 0.606244 8.28068
42.1496 0.60658 8.29233
42.1996 0.606822 8.30542
42.2496 0.607036 8.32539
42.2996 0.607329 8.34498
42.3496 0.60753 8.36578
42.3996 0.607716 8.38611
42.4496 0.607997 8.40241
42.4996 0.608176 8.42306
42.5496 0.608629 8.42368
42.5996 0.608957 8.43773
42.6496 0.609779 8.40269
42.6996 0.609992 8.41664
42.7496 0.610189 8.42978
42.7996 0.610412 8.44576
42.8496 0.610662 8.46028
42.8996 0.610935 8.47525
42.9496 0.611235 8.48775
42.9996 0.611521 8.49758
43.0496 0.611792 8.50175
43.0996 0.612059 8.50725
43.1496 0.612328 8.50626
43.1996 0.612595 8.50069
43.2496 0.612839 8.50143
43.2996 0.613044 8.50808
43.3496 0.613228 8.51637
43.3996 0.613368 8.52603
43.4496 0.6135 8.5351
43.4996 0.61363 8.53807
43.5496 0.613945 8.52766
43.5996 0.614119 8.53468
43.6496 0.614304 8.52948
43.6996 0.614492 8.53984
43.7496 0.614663 8.55154
43.7996 0.614836 8.55858
43.8496 0.61499 8.56957
43.8996 0.615138 8.57476
43.9496 0.615267 8.58535
43.9996 0.615381 8.59433
44.0496 0.615481 8.60663
44.0996 0.615575 8.6183
44.1496 0.615659 8.6319
44.1996 0.615744 8.64262
44.2496 0.615816 8.6576
44.2996 0.615885 8.67244
44.3496 0.615952 8.68811
44.3996 0.616019 8.69957
44.4496 0.61608 8.71607
44.4996 0.616136 8.73766
44.5496 0.616209 8.75263
44.5996 0.61626 8.75505
44.6496 0.61631 8.77441
44.6996 0.616365 8.79097
44.7496 0.616408 8.81209
44.7996 0.61645 8.83417
44.8496 0.616499 8.82401
44.8996 0.616536 8.84687
44.9496 0.616573 8.86984
44.9996 0.616606 8.89089
45.0496 0.616646 8.90017
45.0996 0.61668 8.91304
45.1496 0.616713 8.93019
45.1996 0.616744 8.94903
45.2496 0.616771 8.95214
45.2996 0.616801 8.96873
45.3496 0.616911 8.9837
45.3996 0.616937 9.00188
45.4496 0.616969 9.01462
45.4996 0.616997 9.0328
45.5496 0.617024 9.05175
45.5996 0.617049 9.07073
45.6496 0.617076 9.09034
45.6996 0.617101 9.11118
45.7496 0.617125 9.13218
45.7996 0.617278 9.12428
45.8496 0.617335 9.13947
45.8996 0.61739 9.15544
45.9496 0.617447 9.17143
45.9996 0.617526 9.18471
46.0496 0.617617 9.18758
46.0996 0.61769 9.20683
46.1496 0.617765 9.22705
46.1996 0.617834 9.25008
46.2496 0.617907 9.26731
46.2996 0.617978 9.29055
46.3496 0.618054 9.3137
46.3996 0.618124 9.34101
46.4496 0.618209 9.36544
46.4996 0.618303 9.38731
46.5496 0.618464 9.4002
46.5996 0.618737 9.38883
46.6496 0.619062 9.40363
46.6996 0.619295 9.42441
46.7496 0.619464 9.44427
46.7996 0.619627 9.46332
46.8496 0.619802 9.48213
46.8996 0.619962 9.50151
46.9496 0.620135 9.52047
46.9996 0.620344 9.48636
47.0496 0.620507 9.49171
47.0996 0.620692 9.49612
47.1496 0.621087 9.44967
47.1996 0.621334 9.43937
47.2496 0.621666 9.43197
47.2996 0.621894 9.42475
47.3496 0.622119 9.42437
47.3996 0.622378 9.42583
47.4496 0.622617 9.42432
47.4996 0.622826 9.42935
47.5496 0.623036 9.43851
47.5996 0.623246 9.44573
47.6496 0.623467 9.45293
47.6996 0.623696 9.46516
47.7496 0.623899 9.47852
47.7996 0.624104 9.49085
47.8496 0.624313 9.50401
47.8996 0.624549 9.51831
47.9496 0.62475 9.53215
47.9996 0.624966 9.54718
48.0496 0.625153 9.56349
48.0996 0.62537 9.57847
48.1496 0.625553 9.59432
48.1996 0.625745 9.57163
48.2495 0.625966 9.57892
48.2995 0.626162 9.58891
48.3495 0.626356 9.59774
48.3995 0.626578 9.60671
48.4495 0.626772 9.61457
48.4995 0.626965 9.62164
48.5495 0.627164 9.62556
48.5995 0.627354 9.63311
48.6495 0.627539 9.64218
48.6995 0.62772 9.65309
48.7495 0.627896 9.66385
48.7995 0.628081 9.6804
48.8495 0.628254 9.69634
48.8995 0.628424 9.71393
48.9495 0.628613 9.73214
48.9995 0.628793 9.75043
49.0495 0.628962 9.76357
49.0995 0.62913 9.76495
49.1495 0.629299 9.78244
49.1995 0.629481 9.79348
49.2495 0.629657 9.80955
49.2995 0.629818 9.82883
49.3495 0.630184 9.83879
49.3995 0.630399 9.85547
49.4495 0.630588 9.87196
49.4995 0.630783 9.88721
49.5495 0.630953 9.90562
49.5995 0.631144 9.92514
49.6495 0.631371 9.94429
49.6995 0.631583 9.96669
49.7495 0.631815 9.98948
49.7995 0.632012 10.0115
49.8495 0.63222 10.0334
49.8995 0.632398 10.0598
49.9495 0.632571 10.0799
49.9995 0.632778 10.1031
50.0495 0.63334 10.1171
50.0995 0.633719 10.126
50.1495 0.633957 10.1484
50.1995 0.634168 10.1754
50.2495 0.634372 10.197
50.2995 0.634572 10.2242
50.3495 0.635341 10.1859
50.3995 0.63567 10.2026
50.4495 0.635914 10.2165
50.4995 0.636199 10.236
50.5495 0.63654 10.2525
50.5995 0.636908 10.27
50.6495 0.637304 10.2552
50.6995 0.637697 10.264
50.7495 0.638057 10.2825
50.7995 0.638408 10.3036
50.8495 0.638724 10.3256
50.8995 0.639034 10.3465
50.9495 0.639464 10.3632
50.9995 0.639729 10.3523
51.0495 0.639971 10.3566
51.0995 0.640209 10.3677
51.1495 0.640445 10.3875
51.1995 0.640696 10.3876
51.2495 0.640946 10.3979
51.2995 0.641263 10.4076
51.3495 0.641571 10.3778
51.3995 0.641837 10.374
51.4495 0.642123 10.3704
51.4995 0.642381 10.3608
51.5495 0.642614 10.351
51.5995 0.642814 10.3539
51.6495 0.643058 10.3642
51.6995 0.643242 10.3786
51.7495 0.643422 10.3949
51.7995 0.643593 10.4125
51.8495 0.643789 10.4262
51.8995 0.644 10.4442
51.9495 0.644209 10.4635
51.9995 0.644403 10.4739
52.0495 0.644601 10.4936
52.0995 0.644807 10.5031
52.1495 0.645002 10.5189
52.1995 0.645459 10.4339
52.2495 0.64571 10.432
52.2995 0.645904 10.4355
52.3495 0.64611 10.4426
52.3995 0.646344 10.4454
52.4495 0.646606 10.4533
52.4995 0.646844 10.4493
52.5495 0.647112 10.4491
52.5995 0.64736 10.4564
52.6495 0.647608 10.4672
52.6995 0.647856 10.4783
52.7495 0.648105 10.49
52.7995 0.648363 10.4999
52.8495 0.648621 10.5118
52.8995 0.648867 10.5259
52.9495 0.649138 10.5405
52.9995 0.649441 10.5555
53.0495 0.649706 10.5675
53.0995 0.649964 10.5827
53.1495 0.65023 10.5994
53.1995 0.650417 10.6108
53.2495 0.650626 10.6303
53.2995 0.650832 10.6512
53.3495 0.651046 10.6436
53.3995 0.651265 10.6612
53.4495 0.651482 10.6801
53.4995 0.651715 10.6993
53.5495 0.65198 10.7166
53.5995 0.652206 10.7347
53.6495 0.652466 10.7496
53.6995 0.652702 10.7658
53.7495 0.652934 10.7794
53.7995 0.653147 10.7977
53.8495 0.653412 10.8131
53.8995 0.653686 10.8297
53.9495 0.653984 10.8462
53.9995 0.654288 10.8606
54.0495 0.654578 10.8299
54.0995 0.654935 10.8398
54.1495 0.655161 10.8527
54.1995 0.655422 10.8595
54.2495 0.655656 10.8698
54.2995 0.655916 10.8827
54.3495 0.656159 10.8947
54.3995 0.656429 10.9057
54.4495 0.656687 10.9157
54.4995 0.656973 10.9231
54.5495 0.657225 10.9338
54.5995 0.657485 10.944
54.6495 0.657943 10.9513
54.6995 0.658204 10.962
54.7495 0.658482 10.9741
54.7994 0.658737 10.9856
54.8494 0.659025 10.994
54.8994 0.659309 11.0085
54.9494 0.659562 11.0246
54.9994 0.659807 11.0403
55.0494 0.660058 11.0538
55.0994 0.660325 11.0694
55.1494 0.660596 11.087
55.1994 0.660906 11.102
55.2494 0.661155 11.1192
55.2994 0.661399 11.1386
55.3494 0.661649 11.1587
55.3994 0.661875 11.18
55.4494 0.662087 11.2008
55.4994 0.662289 11.2209
55.5494 0.662471 11.2396
55.5994 0.662636 11.2608
55.6494 0.663059 11.2775
55.6994 0.663257 11.2993
55.7494 0.663738 11.2883
55.7994 0.663861 11.3119
55.8494 0.66393 11.3345
55.8994 0.66401 11.3564
55.9494 0.664081 11.3812
55.9994 0.66418 11.4051
56.0494 0.664324 11.4231
56.0994 0.664489 11.442
56.1494 0.664677 11.4629
56.1994 0.664867 11.4853
56.2494 0.665031 11.5089
56.2994 0.665178 11.5296
56.3494 0.665314 11.5559
56.3994 0.665438 11.5801
56.4494 0.665723 11.5621
56.4994 0.665903 11.5774
56.5494 0.666082 11.5967
56.5994 0.666281 11.6182
56.6494 0.666509 11.6318
56.6994 0.666729 11.651
56.7494 0.666978 11.6691
56.7994 0.667283 11.6875
56.8494 0.667619 11.7037
56.8994 0.667884 11.7218
56.9494 0.668127 11.742
56.9994 0.668362 11.7636
57.0494 0.668564 11.7869
57.0994 0.668826 11.8098
57.1494 0.669026 11.833
57.1994 0.669197 11.856
57.2494 0.669377 11.8668
57.2994 0.669579 11.8869
57.3494 0.669768 11.9069
57.3994 0.669925 11.9289
57.4494 0.670141 11.9502
57.4994 0.670344 11.9734
57.5494 0.67055 11.9972
57.5994 0.670759 12.0214
57.6494 0.670996 12.048
57.6994 0.671232 12.0743
57.7494 0.671519 12.0776
57.7994 0.671838 12.0993
57.8494 0.672162 12.1196
57.8994 0.672521 12.1396
57.9494 0.67293 12.1583
57.9994 0.673471 12.1646
58.0494 0.674096 12.1784
58.0994 0.674806 12.1937
58.1494 0.675407 12.2065
58.1994 0.675746 12.227
58.2494 0.676058 12.2466
58.2994 0.676338 12.267
58.3494 0.676598 12.2897
58.3994 0.676882 12.3125
58.4494 0.677161 12.3344
58.4994 0.677405 12.3322
58.5494 0.677677 12.3469
58.5994 0.67798 12.362
58.6494 0.678224 12.3815
58.6994 0.678469 12.4046
58.7494 0.67871 12.4299
58.7994 0.678942 12.4236
58.8494 0.679161 12.4433
58.8994 0.679376 12.4643
58.9494 0.679576 12.4861
58.9994 0.679814 12.4955
59.0494 0.680032 12.5121
59.0994 0.680254 12.5216
59.1494 0.680467 12.5377
59.1994 0.680656 12.5553
59.2494 0.680829 12.5627
59.2994 0.680983 12.5806
59.3494 0.681131 12.5996
59.3994 0.681276 12.621
59.4494 0.68144 12.6156
59.4994 0.681572 12.6294
59.5494 0.681703 12.6457
59.5994 0.681824 12.6623
59.6494 0.681937 12.6776
59.6994 0.682053 12.6906
59.7494 0.682156 12.7074
59.7994 0.682251 12.7248
59.8494 0.68235 12.7429
59.8994 0.682443 12.7606
59.9494 0.682561 12.7788
59.9994 0.682658 12.7983
60.0494 0.682759 12.8159
60.0994 0.682847 12.8365
60.1494 0.682936 12.855
60.1994 0.68302 12.8749
60.2494 0.683109 12.8953
60.2994 0.683189 12.9146
60.3494 0.683273 12.9346
60.3994 0.683351 12.9551
60.4494 0.683425 12.9757
60.4994 0.683499 12.995
60.5494 0.683605 13.0166
60.5994 0.683683 13.0392
60.6494 0.683755 13.0623
60.6994 0.683821 13.085
60.7494 0.683888 13.1055
60.7994 0.683948 13.1265
