time pknown ts
0 0 -nan
0.05 0 -nan
0.1 0.0198299 0
0.15 0.0241123 0.00926968
0.2 0.0322959 0.0217506
0.25 0.037087 0.0353193
0.3 0.0402601 0.0482872
0.35 0.0428851 0.0593222
0.4 0.0447879 0.0706025
0.45 0.0462216 0.0825961
0.5 0.0474785 0.094341
0.55 0.0484489 0.106552
0.6 0.0492174 0.119631
0.65 0.0498876 0.132905
0.7 0.0504516 0.146086
0.75 0.0510486 0.157176
0.8 0.0515724 0.167547
0.85 0.0521554 0.174367
0.9 0.0528301 0.179331
0.95 0.053482 0.184781
1 0.0540724 0.191316
1.05 0.054666 0.198734
1.1 0.055233 0.205338
1.15 0.0557569 0.213417
1.2 0.0562994 0.220489
1.25 0.0568043 0.229085
1.3 0.0572798 0.237623
1.35 0.0577119 0.247064
1.4 0.0581021 0.256664
1.45 0.0585031 0.264095
1.5 0.058899 0.269688
1.55 0.0592794 0.275307
1.6 0.0596431 0.281474
1.65 0.059964 0.289798
1.7 0.0602497 0.299873
1.75 0.0605067 0.31155
1.8 0.0607724 0.320402
1.85 0.0610486 0.328289
1.9 0.0613014 0.338179
1.95 0.0615761 0.345784
2 0.061847 0.353516
2.05 0.0621096 0.361208
2.1 0.0623641 0.368836
2.15 0.0626106 0.379157
2.2 0.062827 0.390589
2.25 0.06302 0.40069
2.3 0.063182 0.411471
2.35 0.063351 0.421494
2.4 0.0635026 0.431881
2.45 0.0636652 0.44293
2.5 0.0638224 0.453784
2.55 0.0639599 0.465867
2.6 0.0640763 0.478028
2.65 0.0641944 0.491562
2.7 0.0642839 0.507807
2.75 0.0643821 0.522421
2.8 0.0644841 0.532159
2.85 0.0646115 0.540188
2.9 0.0647479 0.544927
2.95 0.0649006 0.546886
3 0.0650386 0.550471
3.05 0.065184 0.553529
3.1 0.0653348 0.557204
3.15 0.0654794 0.559868
3.2 0.0656528 0.562043
3.25 0.0658517 0.558667
3.3 0.0659895 0.568472
3.35 0.066123 0.580367
3.4 0.0662686 0.589369
3.45 0.0663958 0.601029
3.5 0.0665253 0.611949
3.55 0.0666875 0.614253
3.6 0.0668669 0.617419
3.65 0.0670282 0.617752
3.7 0.067196 0.61493
3.75 0.0673906 0.607669
3.8 0.0676261 0.600915
3.85 0.0678508 0.596534
3.9 0.0680984 0.590955
3.95 0.068338 0.586689
4 0.0686335 0.572719
4.05 0.0689736 0.560981
4.1 0.0693025 0.552428
4.15 0.0696559 0.543011
4.2 0.070052 0.528793
4.25 0.0705052 0.516194
4.3 0.0709098 0.507521
4.35 0.0713825 0.496017
4.4 0.071823 0.489394
4.45 0.0722767 0.481487
4.5 0.0727529 0.475298
4.55 0.0732419 0.469525
4.6 0.0737529 0.46204
4.65 0.0743382 0.446887
4.7 0.0749034 0.439709
4.75 0.0754924 0.431751
4.8 0.0761226 0.421686
4.85 0.076781 0.413282
4.9 0.0774504 0.404926
4.95 0.07816 0.396031
5 0.0788793 0.387555
5.05 0.0796139 0.378639
5.1 0.0803811 0.369883
5.15 0.0811523 0.361282
5.2 0.081974 0.352427
5.25 0.0827867 0.345469
5.3 0.083635 0.338345
5.35 0.0845098 0.331562
5.4 0.0853679 0.324896
5.45 0.0862889 0.318067
5.5 0.0871865 0.311166
5.55 0.0881084 0.305187
5.6 0.0890611 0.299503
5.65 0.0900163 0.293779
5.7 0.0909896 0.288152
5.75 0.0919997 0.282864
5.8 0.092969 0.278334
5.85 0.0940036 0.272877
5.9 0.0950045 0.268889
5.95 0.0960366 0.264552
6 0.0970886 0.260201
6.05 0.0981296 0.256577
6.10001 0.099195 0.25266
6.15001 0.10026 0.249401
6.20001 0.101324 0.246246
6.25001 0.102426 0.243175
6.30001 0.103515 0.240829
6.35001 0.10461 0.238678
6.40001 0.105708 0.236375
6.45001 0.106831 0.234413
6.50001 0.107927 0.232659
6.55001 0.10906 0.231029
6.60001 0.110212 0.22956
6.65001 0.111323 0.228777
6.70001 0.112431 0.227918
6.75001 0.11357 0.227119
6.80001 0.114659 0.227099
6.85001 0.11575 0.227208
6.90001 0.11687 0.227742
6.95001 0.117993 0.228183
7.00001 0.119079 0.229053
7.05001 0.120193 0.230105
7.10001 0.121327 0.231078
7.15001 0.122388 0.23253
7.20001 0.123483 0.234357
7.25001 0.124625 0.235411
7.30001 0.125684 0.237481
7.35001 0.126765 0.239477
7.40001 0.127826 0.241488
7.45001 0.128896 0.24362
7.50001 0.129946 0.245819
7.55001 0.130975 0.248138
7.60001 0.132056 0.249959
7.65001 0.133079 0.251832
7.70001 0.134094 0.254055
7.75001 0.135197 0.255175
7.80001 0.136248 0.257021
7.85001 0.137275 0.258934
7.90001 0.138347 0.260594
7.95001 0.139415 0.262445
8.00001 0.140401 0.265355
8.05001 0.141451 0.267521
8.10001 0.142521 0.269888
8.15001 0.143541 0.2729
8.20001 0.144595 0.275723
8.25001 0.145664 0.279028
8.30001 0.14674 0.282456
8.35001 0.147807 0.286429
8.40001 0.148935 0.290209
8.45001 0.150069 0.294703
8.50001 0.151177 0.299514
8.55001 0.15233 0.303595
8.60001 0.153441 0.308246
8.65001 0.154613 0.312622
8.70002 0.155838 0.31652
8.75002 0.157101 0.320096
8.80002 0.158398 0.323634
8.85002 0.159741 0.32713
8.90002 0.16116 0.33045
8.95002 0.162641 0.33353
9.00002 0.164106 0.337253
9.05002 0.165588 0.340771
9.10002 0.167082 0.344385
9.15002 0.168671 0.347777
9.20002 0.170279 0.351428
9.25002 0.171925 0.355403
9.30002 0.173598 0.359462
9.35002 0.175299 0.363204
9.40002 0.177024 0.367165
9.45002 0.178716 0.37147
9.50002 0.180481 0.375867
9.55002 0.182181 0.380345
9.60002 0.183811 0.385915
9.65002 0.185316 0.391786
9.70002 0.186844 0.39785
9.75002 0.188334 0.404708
9.80002 0.189754 0.411872
9.85002 0.191202 0.418971
9.90002 0.192623 0.426194
9.95002 0.194229 0.430363
10 0.19565 0.437545
10.05 0.19715 0.444571
10.1 0.198667 0.45154
10.15 0.20014 0.455509
10.2 0.201579 0.462241
10.25 0.20301 0.469885
10.3 0.204489 0.477119
10.35 0.20593 0.484861
10.4 0.207393 0.492425
10.45 0.208879 0.500002
10.5 0.210478 0.493141
10.55 0.212083 0.497263
10.6 0.21372 0.502989
10.65 0.215465 0.509034
10.7 0.217482 0.513867
10.75 0.219442 0.520024
10.8 0.221402 0.526252
10.85 0.223434 0.532069
10.9 0.225523 0.537467
10.95 0.227549 0.544171
11 0.22958 0.550416
11.05 0.231612 0.557148
11.1 0.233524 0.564931
11.15 0.235304 0.574663
11.2 0.236905 0.584746
11.25 0.238546 0.59467
11.3 0.240138 0.605124
11.35 0.241702 0.615488
11.4 0.243252 0.626137
11.45 0.244775 0.636867
11.5 0.246237 0.648237
11.55 0.2477 0.659299
11.6 0.249134 0.671447
11.65 0.250539 0.683901
11.7 0.251922 0.693908
11.75 0.253289 0.706764
11.8 0.254632 0.719614
11.85 0.255952 0.732854
11.9 0.257259 0.746785
11.95 0.25855 0.760422
12 0.259825 0.774587
12.05 0.261067 0.788977
12.1 0.262353 0.800972
12.15 0.263698 0.813335
12.2 0.264944 0.826805
12.25 0.266209 0.838512
12.3 0.267408 0.852874
12.35 0.268678 0.866609
12.4 0.269926 0.880845
12.45 0.271102 0.891458
12.5 0.272287 0.90519
12.55 0.273467 0.919263
12.6 0.274642 0.934081
12.65 0.27581 0.948157
12.7 0.276949 0.961882
12.75 0.278073 0.976267
12.8 0.279235 0.990039
12.85 0.280427 1.00215
12.9 0.281595 1.01663
12.95 0.282726 1.03154
13 0.283858 1.04321
13.05 0.285022 1.05764
13.1 0.286151 1.07072
13.15 0.287304 1.07618
13.2 0.288439 1.08698
13.25 0.289633 1.09849
13.3 0.290797 1.11048
13.35 0.291986 1.12073
13.4 0.293148 1.13208
13.45 0.294287 1.14276
13.5 0.295411 1.14399
13.55 0.296524 1.15601
13.6 0.297766 1.16249
13.65 0.298925 1.17427
13.7 0.300163 1.18415
13.75 0.301329 1.19457
13.8 0.302566 1.20573
13.85 0.303789 1.21727
13.9 0.305083 1.22843
13.95 0.306358 1.23934
14 0.30757 1.25025
14.05 0.308767 1.26192
14.1 0.309982 1.27221
14.15 0.311677 1.26825
14.2 0.312921 1.27901
14.25 0.314148 1.29247
14.3 0.315353 1.30703
14.35 0.316639 1.32018
14.4 0.317946 1.32026
14.45 0.319241 1.33061
14.5 0.32053 1.34397
14.55 0.321848 1.3575
14.6 0.32314 1.3702
14.65 0.324456 1.38411
14.7 0.325776 1.3973
14.75 0.327091 1.41066
14.8 0.328407 1.42554
14.85 0.329744 1.43918
14.9 0.331025 1.45379
14.95 0.332331 1.46951
15 0.333687 1.4841
15.05 0.334982 1.499
15.1 0.336312 1.48456
15.15 0.337865 1.48545
15.2 0.339218 1.49602
15.25 0.3406 1.50679
15.3 0.342162 1.5164
15.35 0.343634 1.52677
15.4 0.344911 1.53891
15.45 0.34633 1.55026
15.5 0.347639 1.56257
15.55 0.348953 1.57424
15.6 0.350254 1.58679
15.65 0.351613 1.59968
15.7 0.352931 1.61332
15.75 0.354279 1.62576
15.8 0.35567 1.63784
15.85 0.357013 1.65141
15.9 0.358323 1.66526
15.95 0.359695 1.67732
16 0.361211 1.69022
16.05 0.362712 1.70186
16.1 0.364128 1.71523
16.15 0.365539 1.72744
16.2 0.366931 1.74084
16.25 0.368319 1.75226
16.3 0.370183 1.76146
16.35 0.371888 1.77062
16.4 0.373461 1.78015
16.45 0.374984 1.78957
16.5 0.376495 1.73284
16.55 0.377896 1.70966
16.6 0.37932 1.69435
16.65 0.380784 1.69093
16.7 0.382176 1.693
16.75 0.383741 1.69584
16.8 0.385218 1.70235
16.85 0.386685 1.70981
16.9 0.388165 1.71907
16.95 0.389626 1.72875
17 0.391208 1.73873
17.05 0.392805 1.74797
17.1 0.394258 1.75922
17.15 0.395791 1.77074
17.2 0.397311 1.78313
17.25 0.398819 1.79536
17.3 0.400517 1.8063
17.35 0.402025 1.81945
17.4 0.403513 1.83215
17.45 0.405042 1.84279
17.5 0.406606 1.85865
17.55 0.408125 1.83798
17.6 0.4096 1.84425
17.65 0.411205 1.85362
17.7 0.412713 1.86351
17.75 0.414172 1.87375
17.8 0.415779 1.87857
17.85 0.417391 1.88365
17.9 0.419199 1.88718
17.95 0.421061 1.8754
18 0.422865 1.86056
18.05 0.424431 1.86522
18.1 0.426103 1.87106
18.15 0.427711 1.87781
18.2 0.429304 1.88307
18.25 0.430794 1.85656
18.3 0.432255 1.86036
18.35 0.433872 1.84472
18.4 0.435631 1.84739
18.45 0.437119 1.85297
18.5 0.438699 1.85922
18.55 0.440302 1.86303
18.6 0.44181 1.86047
18.65 0.443345 1.86888
18.7 0.444806 1.87441
18.75 0.446165 1.885
18.8 0.447624 1.89553
18.85 0.44914 1.90595
18.9 0.450584 1.91531
18.95 0.452042 1.92581
19 0.453497 1.933
19.05 0.455043 1.94339
19.1 0.456486 1.95446
19.15 0.457984 1.96552
19.2 0.459477 1.97586
19.25 0.460997 1.97164
19.3 0.462504 1.98253
19.35 0.464038 1.98778
19.4 0.465607 2.00001
19.45 0.467216 2.01235
19.5 0.468745 2.02128
19.55 0.470254 2.02535
19.6 0.471819 2.03509
19.65 0.473498 2.03484
19.7 0.475048 2.04389
19.75 0.476685 2.05481
19.8 0.478195 2.06695
19.85 0.47984 2.08019
19.9 0.481476 2.09323
19.95 0.483176 2.10601
20 0.48504 2.11787
20.05 0.486865 2.12992
20.1 0.488802 2.14168
20.15 0.490971 2.1527
20.2 0.493249 2.1582
20.25 0.49497 2.16796
20.3 0.496704 2.18007
20.35 0.498441 2.19132
20.4 0.500052 2.20492
20.45 0.501781 2.21841
20.5 0.503606 2.23151
20.55 0.505287 2.21196
20.6 0.506943 2.21721
20.65 0.508808 2.22214
20.7 0.510562 2.23128
20.75 0.512301 2.23911
20.8 0.513936 2.24723
20.85 0.515607 2.25491
20.9 0.517242 2.26342
20.95 0.518927 2.27133
21 0.520882 2.26352
21.05 0.522633 2.26158
21.1 0.524251 2.26309
21.15 0.526082 2.26662
21.2 0.527807 2.27276
21.25 0.529256 2.2646
21.3 0.530855 2.26985
21.35 0.532546 2.27672
21.4 0.533964 2.28512
21.45 0.535552 2.29335
21.5 0.537227 2.30158
21.55 0.538984 2.29035
21.6 0.54066 2.29894
21.65 0.542443 2.30857
21.7 0.544174 2.31888
21.75 0.546463 2.30859
21.8 0.54844 2.31596
21.85 0.550297 2.32224
21.9 0.552169 2.28821
21.95 0.554071 2.29512
22 0.556094 2.28856
22.0499 0.557756 2.29797
22.0999 0.559448 2.30588
22.1499 0.561033 2.31325
22.1999 0.562742 2.31801
22.2499 0.564344 2.32229
22.2999 0.565807 2.33139
22.3499 0.567383 2.33972
22.3999 0.568754 2.35104
22.4499 0.570319 2.36017
22.4999 0.571941 2.36548
22.5499 0.573458 2.36616
22.5999 0.574918 2.37816
22.6499 0.57644 2.37106
22.6999 0.577983 2.3822
22.7499 0.579401 2.39495
22.7999 0.580903 2.4064
22.8499 0.582459 2.41827
22.8999 0.584144 2.41813
22.9499 0.585678 2.42989
22.9999 0.587365 2.44055
23.0499 0.588822 2.45334
23.0999 0.590244 2.46705
23.1499 0.591814 2.47936
23.1999 0.593223 2.49076
23.2499 0.594724 2.50136
23.2999 0.596235 2.51238
23.3499 0.598368 2.49479
23.3999 0.600288 2.47659
23.4499 0.602067 2.47628
23.4999 0.60383 2.47701
23.5499 0.605519 2.45066
23.5999 0.60718 2.42938
23.6499 0.608818 2.41458
23.6999 0.610381 2.41737
23.7499 0.611959 2.41997
23.7999 0.613532 2.41128
23.8499 0.615085 2.41108
23.8999 0.61675 2.37993
23.9499 0.618269 2.37163
23.9999 0.619764 2.36933
24.0499 0.621367 2.3689
24.0999 0.622894 2.36633
24.1499 0.624508 2.36479
24.1999 0.626001 2.36375
24.2499 0.627523 2.36222
24.2999 0.629047 2.36029
24.3499 0.630723 2.35349
24.3999 0.632242 2.33849
24.4499 0.63385 2.33847
24.4999 0.635468 2.33644
24.5499 0.637097 2.33006
24.5999 0.638893 2.3124
24.6499 0.640304 2.30836
24.6999 0.641652 2.30581
24.7499 0.643341 2.29177
24.7999 0.644881 2.28319
24.8499 0.646353 2.27794
24.8999 0.648086 2.27399
24.9499 0.649548 2.27684
24.9999 0.651019 2.26948
25.0499 0.652439 2.26931
25.0999 0.653849 2.27262
25.1499 0.655355 2.26584
25.1999 0.656792 2.27139
25.2499 0.65817 2.27599
25.2999 0.659608 2.28055
25.3499 0.661338 2.26016
25.3999 0.662685 2.26042
25.4499 0.664184 2.26464
25.4999 0.665668 2.26678
25.5499 0.667061 2.26744
25.5999 0.668494 2.25314
25.6499 0.669897 2.25395
25.6999 0.671277 2.25722
25.7499 0.672633 2.26032
25.7999 0.674558 2.25177
25.8499 0.676046 2.25669
25.8999 0.677755 2.25846
25.9499 0.679278 2.2641
25.9999 0.680661 2.26947
26.0499 0.682046 2.27733
26.0999 0.683471 2.28456
26.1499 0.684891 2.28194
26.1999 0.686358 2.2865
26.2499 0.687794 2.29081
26.2999 0.689147 2.29428
26.3499 0.690506 2.28365
26.3999 0.691962 2.28612
26.4499 0.693417 2.29152
26.4999 0.69504 2.29406
26.5499 0.696408 2.3002
26.5999 0.697874 2.30898
26.6499 0.699367 2.31715
26.6999 0.700826 2.32602
26.7499 0.702214 2.33576
26.7999 0.703463 2.33544
26.8499 0.704641 2.32746
26.8999 0.70568 2.33632
26.9499 0.706797 2.34653
26.9999 0.707852 2.35749
27.0499 0.708829 2.3686
27.0999 0.70989 2.37956
27.1499 0.710932 2.39074
27.1999 0.711943 2.40131
27.2499 0.712915 2.41351
27.2999 0.713864 2.42678
27.3499 0.714831 2.43698
27.3999 0.71576 2.42904
27.4499 0.71675 2.43802
27.4999 0.717923 2.43664
27.5499 0.718947 2.44097
27.5999 0.720011 2.44686
27.6499 0.720961 2.45379
27.6999 0.721915 2.46114
27.7499 0.72329 2.45695
27.7999 0.724634 2.43453
27.8499 0.725699 2.42884
27.8999 0.726722 2.43423
27.9499 0.727637 2.43961
27.9999 0.728792 2.42242
28.0499 0.729798 2.42521
28.0999 0.730787 2.4295
28.1499 0.731846 2.43395
28.1999 0.732834 2.43909
28.2499 0.733805 2.44428
28.2999 0.734831 2.44974
28.3499 0.735902 2.44868
28.3999 0.736962 2.42572
28.4499 0.737812 2.42711
28.4999 0.738654 2.43136
28.5499 0.739484 2.43547
28.5998 0.740282 2.44109
28.6498 0.741084 2.44657
28.6998 0.741898 2.45325
28.7498 0.742717 2.45811
28.7998 0.743401 2.467
28.8498 0.744114 2.47585
28.8998 0.744817 2.48494
28.9498 0.745462 2.49552
28.9998 0.746207 2.50091
29.0498 0.746883 2.51154
29.0998 0.747536 2.52233
29.1498 0.748247 2.53336
29.1998 0.749151 2.54355
29.2498 0.749802 2.55456
29.2998 0.750619 2.56321
29.3498 0.751382 2.56976
29.3998 0.752467 2.54219
29.4498 0.753151 2.55093
29.4998 0.753905 2.5581
29.5498 0.754651 2.56626
29.5998 0.755386 2.55067
29.6498 0.756258 2.55283
29.6998 0.757204 2.55926
29.7498 0.758277 2.56224
29.7998 0.759398 2.5663
29.8498 0.760434 2.56873
29.8998 0.761425 2.57124
29.9498 0.762414 2.57174
29.9998 0.763402 2.57287
30.0498 0.764353 2.57821
30.0998 0.765311 2.58412
30.1498 0.766222 2.58963
30.1998 0.767132 2.59637
30.2498 0.76835 2.59014
30.2998 0.770053 2.57978
30.3498 0.771122 2.58799
30.3998 0.772077 2.59922
30.4498 0.773118 2.60985
30.4998 0.774084 2.59437
30.5498 0.774997 2.59808
30.5998 0.775945 2.60479
30.6498 0.776856 2.61066
30.6998 0.777803 2.61752
30.7498 0.778645 2.62522
30.7998 0.779564 2.63242
30.8498 0.780442 2.61781
30.8998 0.781279 2.59193
30.9498 0.782148 2.59912
30.9998 0.783066 2.60719
31.0498 0.783859 2.60966
31.0998 0.784697 2.61419
31.1498 0.785542 2.61614
31.1998 0.786356 2.61857
31.2498 0.787181 2.61986
31.2998 0.7881 2.60386
31.3498 0.788922 2.60239
31.3998 0.78974 2.60099
31.4498 0.790591 2.60412
31.4998 0.791443 2.5962
31.5498 0.79224 2.59924
31.5998 0.793126 2.6029
31.6498 0.793924 2.60842
31.6998 0.794671 2.61467
31.7498 0.79546 2.61384
31.7998 0.796251 2.62118
31.8498 0.797711 2.58108
31.8998 0.798598 2.57295
31.9498 0.799381 2.57701
31.9998 0.800146 2.58107
32.0498 0.80091 2.5846
32.0998 0.801701 2.58932
32.1498 0.802502 2.59474
32.1998 0.803295 2.59186
32.2498 0.804173 2.58203
32.2998 0.804934 2.58597
32.3498 0.80565 2.59231
32.3998 0.806353 2.5997
32.4498 0.806984 2.60729
32.4998 0.807615 2.61509
32.5498 0.808276 2.59937
32.5998 0.808903 2.58455
32.6498 0.809521 2.58964
32.6998 0.810143 2.57708
32.7498 0.810758 2.5746
32.7998 0.811292 2.5798
32.8498 0.811834 2.58048
32.8998 0.812333 2.58472
32.9498 0.812837 2.58881
32.9998 0.813326 2.59266
33.0498 0.813815 2.59551
33.0998 0.814278 2.59947
33.1498 0.814817 2.60433
33.1998 0.815376 2.58613
33.2498 0.815838 2.56958
33.2998 0.816257 2.57013
33.3498 0.816683 2.57417
33.3998 0.817136 2.57818
33.4498 0.817697 2.57127
33.4998 0.818103 2.57706
33.5498 0.818525 2.5834
33.5998 0.818963 2.54373
33.6498 0.819467 2.54519
33.6998 0.819901 2.53276
33.7498 0.82031 2.53593
33.7998 0.820715 2.53771
33.8498 0.82118 2.53853
33.8998 0.821575 2.53478
33.9498 0.821935 2.53881
33.9998 0.822914 2.53716
34.0498 0.823457 2.53256
34.0998 0.824016 2.5346
34.1498 0.82449 2.52398
34.1998 0.824998 2.52647
34.2498 0.825444 2.53144
34.2998 0.825947 2.53228
34.3498 0.826457 2.53608
34.3998 0.826937 2.53963
34.4498 0.827376 2.54603
34.4998 0.827788 2.55033
34.5498 0.828195 2.55797
34.5998 0.828625 2.55808
34.6498 0.828995 2.56616
34.6998 0.829391 2.57401
34.7498 0.829775 2.58289
34.7998 0.83013 2.59261
34.8498 0.830483 2.60262
34.8998 0.83083 2.61382
34.9498 0.831163 2.62573
34.9998 0.831439 2.60972
35.0498 0.831722 2.62101
35.0998 0.831995 2.63406
35.1497 0.832244 2.64607
35.1997 0.832543 2.65875
35.2497 0.832811 2.66991
35.2997 0.833059 2.67918
35.3497 0.833315 2.68959
35.3997 0.833574 2.70043
35.4497 0.833881 2.70416
35.4997 0.834114 2.7148
35.5497 0.834359 2.72657
35.5997 0.834599 2.73902
35.6497 0.834819 2.75121
35.6997 0.835057 2.76449
35.7497 0.835287 2.77643
35.7997 0.8355 2.78999
35.8497 0.835727 2.80396
35.8997 0.836045 2.81832
35.9497 0.836312 2.83268
35.9997 0.836618 2.8382
36.0497 0.83685 2.85161
36.0997 0.837091 2.86674
36.1497 0.837317 2.85507
36.1997 0.837563 2.86422
36.2497 0.837775 2.87714
36.2997 0.837997 2.88897
36.3497 0.838209 2.90243
36.3997 0.838455 2.91381
36.4497 0.838685 2.92087
36.4997 0.838977 2.92234
36.5497 0.839236 2.93429
36.5997 0.839665 2.93689
36.6497 0.839914 2.94746
36.6997 0.840172 2.95803
36.7497 0.840447 2.96695
36.7997 0.840733 2.97692
36.8497 0.841063 2.9856
36.8997 0.84137 2.99347
36.9497 0.841641 3.00138
36.9997 0.841982 2.99798
37.0497 0.842329 3.00534
37.0997 0.842699 3.00752
37.1497 0.843107 3.01361
37.1997 0.843404 3.02389
37.2497 0.843744 3.03415
37.2997 0.844071 3.02964
37.3497 0.844348 3.03423
37.3997 0.844694 3.04505
37.4497 0.845053 3.05485
37.4997 0.845384 3.05359
37.5497 0.845672 3.06021
37.5997 0.845995 3.06895
37.6497 0.846304 3.07713
37.6997 0.846607 3.08667
37.7497 0.846963 3.08964
37.7997 0.847294 3.09797
37.8497 0.84776 3.107
37.8997 0.84814 3.11065
37.9497 0.848591 3.11862
37.9997 0.848966 3.12949
38.0497 0.849314 3.14113
38.0997 0.849646 3.14911
38.1497 0.850016 3.16115
38.1997 0.850452 3.17438
38.2497 0.850793 3.18801
38.2997 0.851227 3.1781
38.3497 0.851656 3.1907
38.3997 0.851968 3.20522
38.4497 0.852362 3.2127
38.4997 0.852917 3.20067
38.5497 0.853402 3.18432
38.5997 0.853898 3.16212
38.6497 0.854418 3.14578
38.6997 0.854872 3.14815
38.7497 0.855271 3.13221
38.7997 0.855619 3.12488
38.8497 0.855951 3.12441
38.8997 0.856242 3.12176
38.9497 0.856384 3.11728
38.9997 0.85653 3.11598
39.0497 0.856672 3.12008
39.0997 0.856812 3.12025
39.1497 0.85696 3.12589
39.1997 0.857096 3.13262
39.2497 0.857246 3.13981
39.2997 0.857398 3.12655
39.3497 0.857527 3.13215
39.3997 0.857656 3.13749
39.4497 0.857781 3.14214
39.4997 0.857915 3.14812
39.5497 0.858081 3.14677
39.5997 0.858257 3.15057
39.6497 0.858428 3.14913
39.6997 0.858615 3.14407
39.7497 0.858797 3.1501
39.7997 0.858956 3.1529
39.8497 0.859177 3.14265
39.8997 0.859341 3.14794
39.9497 0.85949 3.14754
39.9997 0.859633 3.14576
40.0497 0.859802 3.14793
40.0997 0.860011 3.14088
40.1497 0.860302 3.12456
40.1997 0.860533 3.12323
40.2497 0.860825 3.10913
40.2997 0.861078 3.08834
40.3497 0.861313 3.08572
40.3997 0.861523 3.08477
40.4497 0.861808 3.08538
40.4997 0.862087 3.08464
40.5497 0.862433 3.08532
40.5997 0.862765 3.08617
40.6497 0.863112 3.0802
40.6997 0.863454 3.07454
40.7497 0.863856 3.07507
40.7997 0.864227 3.07639
40.8497 0.864705 3.06564
40.8997 0.865035 3.06675
40.9497 0.865362 3.06917
40.9997 0.865737 3.06747
41.0497 0.866098 3.06245
41.0997 0.866409 3.06358
41.1497 0.866746 3.06282
41.1997 0.86709 3.06643
41.2497 0.867409 3.07033
41.2997 0.867778 3.0687
41.3497 0.868091 3.06126
41.3997 0.868434 3.06385
41.4497 0.868748 3.06599
41.4997 0.86907 3.06997
41.5497 0.869436 3.06553
41.5997 0.869753 3.06666
41.6497 0.870044 3.06952
41.6996 0.870344 3.07163
41.7496 0.870654 3.07527
41.7996 0.870957 3.07958
41.8496 0.871276 3.08345
41.8996 0.871624 3.08597
41.9496 0.87191 3.08991
41.9996 0.87223 3.07077
42.0496 0.872579 3.06973
42.0996 0.873084 3.06344
42.1496 0.87347 3.05337
42.1996 0.873798 3.05535
42.2496 0.874133 3.05745
42.2996 0.874492 3.06092
42.3496 0.874813 3.05441
42.3996 0.87512 3.05716
42.4496 0.875437 3.06085
42.4996 0.875737 3.065
42.5496 0.876017 3.06342
42.5996 0.876293 3.06665
42.6496 0.876575 3.07164
42.6996 0.877064 3.05384
42.7496 0.877392 3.05473
42.7996 0.877713 3.05889
42.8496 0.878013 3.03094
42.8996 0.878305 3.03297
42.9496 0.878609 3.03552
42.9996 0.878921 3.03811
43.0496 0.879212 3.04091
43.0996 0.879502 3.04261
43.1496 0.879793 3.04225
43.1996 0.880076 3.04489
43.2496 0.880352 3.02608
43.2996 0.880612 3.00683
43.3496 0.880862 3.00529
43.3996 0.881125 3.007
43.4496 0.881393 3.00986
43.4996 0.881644 3.00215
43.5496 0.881893 3.00099
43.5996 0.882146 3.00175
43.6496 0.88237 3.00409
43.6996 0.882578 3.00394
43.7496 0.882789 3.01092
43.7996 0.883006 3.01853
43.8496 0.883219 3.01062
43.8996 0.883428 3.01973
43.9496 0.883641 3.02963
43.9996 0.883844 3.03924
44.0496 0.884041 3.04912
44.0996 0.884232 3.05886
44.1496 0.884442 3.04741
44.1996 0.884636 3.05574
44.2496 0.884825 3.05043
44.2996 0.885022 3.06166
44.3496 0.885195 3.05654
44.3996 0.885376 3.06209
44.4496 0.885566 3.06678
44.4996 0.885764 3.05524
44.5496 0.885932 3.05218
44.5996 0.886086 3.05977
44.6496 0.886252 3.06859
44.6996 0.886408 3.07815
44.7496 0.886555 3.08698
44.7996 0.886704 3.09652
44.8496 0.886859 3.10594
44.8996 0.886999 3.11668
44.9496 0.887139 3.10791
44.9996 0.887282 3.11404
45.0496 0.887422 3.1254
45.0996 0.887557 3.13639
45.1496 0.887696 3.14369
45.1996 0.887827 3.15533
45.2496 0.887949 3.16788
45.2996 0.888077 3.17957
45.3496 0.888238 3.18164
45.3996 0.888516 3.18228
45.4496 0.888651 3.19387
45.4996 0.888759 3.1966
45.5496 0.888934 3.19771
45.5996 0.88907 3.19593
45.6496 0.889201 3.20567
45.6996 0.889341 3.20544
45.7496 0.889472 3.21676
45.7996 0.889603 3.22717
45.8496 0.88972 3.2257
45.8996 0.889833 3.23668
45.9496 0.889936 3.2237
45.9996 0.890026 3.231
46.0496 0.890176 3.23149
46.0996 0.890276 3.23846
46.1496 0.890367 3.24442
46.1996 0.890447 3.25169
46.2496 0.890634 3.22842
46.2996 0.890697 3.23173
46.3496 0.890742 3.22474
46.3996 0.890805 3.22001
46.4496 0.890863 3.21248
46.4996 0.890943 3.21453
46.5496 0.891024 3.21684
46.5996 0.891094 3.21899
46.6496 0.891159 3.22295
46.6996 0.891222 3.21955
46.7496 0.89129 3.22377
46.7996 0.891352 3.22593
46.8496 0.891416 3.22094
46.8996 0.891473 3.22574
46.9496 0.891528 3.2314
46.9996 0.891579 3.23729
47.0496 0.891631 3.24335
47.0996 0.89168 3.24964
47.1496 0.891731 3.25416
47.1996 0.891783 3.25809
47.2496 0.891837 3.24099
47.2996 0.891882 3.24706
47.3496 0.891937 3.25148
47.3996 0.892003 3.25656
47.4496 0.892062 3.26258
47.4996 0.892116 3.26897
47.5496 0.892171 3.24087
47.5996 0.892355 3.23583
47.6496 0.892433 3.24238
47.6996 0.892505 3.23808
47.7496 0.892596 3.23802
47.7996 0.892699 3.23216
47.8496 0.892807 3.23126
47.8996 0.892911 3.23197
47.9496 0.893027 3.23348
47.9996 0.893121 3.22577
48.0496 0.89319 3.22154
48.0996 0.89327 3.22544
48.1496 0.893339 3.2302
48.1996 0.893786 3.22848
48.2495 0.893924 3.21262
48.2995 0.894055 3.21694
48.3495 0.894206 3.21996
48.3995 0.894369 3.2274
48.4495 0.894547 3.23326
48.4995 0.894699 3.23726
48.5495 0.894851 3.22944
48.5995 0.894989 3.23534
48.6495 0.895105 3.24153
48.6995 0.895223 3.24923
48.7495 0.895355 3.2576
48.7995 0.895544 3.23674
48.8495 0.895652 3.24435
48.8995 0.895752 3.25491
48.9495 0.89585 3.26583
48.9995 0.895942 3.26349
49.0495 0.896027 3.26827
49.0995 0.896127 3.27018
49.1495 0.896206 3.27887
49.1995 0.8963 3.28733
49.2495 0.896381 3.28961
49.2995 0.896468 3.29854
49.3495 0.896538 3.29528
49.3995 0.896629 3.30616
49.4495 0.896696 3.31902
49.4995 0.896762 3.33175
49.5495 0.896846 3.312
49.5995 0.896914 3.31263
49.6495 0.89699 3.31676
49.6995 0.897051 3.32016
49.7495 0.897111 3.32393
49.7995 0.897164 3.3205
49.8495 0.897222 3.32747
49.8995 0.897274 3.33463
49.9495 0.897328 3.3436
49.9995 0.897383 3.34084
50.0495 0.897443 3.34854
50.0995 0.8975 3.3455
50.1495 0.897556 3.34764
50.1995 0.897608 3.34495
50.2495 0.897658 3.35001
50.2995 0.897708 3.35624
50.3495 0.897773 3.35611
50.3995 0.897835 3.34982
50.4495 0.897886 3.35557
50.4995 0.897939 3.34767
50.5495 0.897984 3.3526
50.5995 0.898038 3.35623
50.6495 0.898085 3.36005
50.6995 0.89813 3.36438
50.7495 0.898181 3.36917
50.7995 0.898266 3.35838
50.8495 0.89832 3.36102
50.8995 0.898369 3.33985
50.9495 0.898411 3.32991
50.9995 0.898456 3.33117
51.0495 0.898507 3.3334
51.0995 0.898556 3.331
51.1495 0.898606 3.33077
51.1995 0.898653 3.32074
51.2495 0.898694 3.32334
51.2995 0.898731 3.32734
51.3495 0.898771 3.32823
51.3995 0.89881 3.3321
51.4495 0.898844 3.33641
51.4995 0.898879 3.33108
51.5495 0.898913 3.33665
51.5995 0.898949 3.34295
51.6495 0.898985 3.32577
51.6995 0.899017 3.33228
51.7495 0.89905 3.34069
51.7995 0.899083 3.3436
51.8495 0.899108 3.35119
51.8995 0.899134 3.35718
51.9495 0.899164 3.3586
51.9995 0.899194 3.35821
52.0495 0.899221 3.36413
52.0995 0.899243 3.372
52.1495 0.899272 3.38023
52.1995 0.899299 3.36762
52.2495 0.89934 3.37016
52.2995 0.899367 3.37746
52.3495 0.899396 3.38259
52.3995 0.899423 3.39094
52.4495 0.899448 3.4003
52.4995 0.89947 3.40577
52.5495 0.899494 3.38042
52.5995 0.899603 3.34923
52.6495 0.899638 3.33118
52.6995 0.899663 3.32017
52.7495 0.899694 3.3227
52.7995 0.899735 3.32165
52.8495 0.899771 3.3189
52.8995 0.899812 3.31586
52.9495 0.899846 3.31257
52.9995 0.899875 3.30635
53.0495 0.899927 3.29012
53.0995 0.899948 3.28976
53.1495 0.899966 3.29035
53.1995 0.899981 3.26869
53.2495 0.899995 3.26869
53.2995 0.900017 3.27179
53.3495 0.900043 3.26908
53.3995 0.900064 3.27282
53.4495 0.900079 3.2753
53.4995 0.900094 3.27708
53.5495 0.900102 3.26757
53.5995 0.900194 3.25701
53.6495 0.900224 3.25951
53.6995 0.900247 3.25363
53.7495 0.900266 3.25469
53.7995 0.900278 3.25604
53.8495 0.900286 3.25852
53.8995 0.900297 3.24694
53.9495 0.900311 3.24905
53.9995 0.900322 3.25171
54.0495 0.900335 3.25473
54.0995 0.900353 3.25869
54.1495 0.90037 3.26141
54.1995 0.900385 3.2465
54.2495 0.900406 3.24724
54.2995 0.900424 3.24508
54.3495 0.900442 3.2495
54.3995 0.900476 3.25456
54.4495 0.900492 3.25967
54.4995 0.900508 3.26468
54.5495 0.900524 3.26265
54.5995 0.900541 3.25221
54.6495 0.900557 3.25476
54.6995 0.900598 3.25939
54.7495 0.900615 3.25285
54.7994 0.900636 3.24981
54.8494 0.90065 3.25423
54.8994 0.900668 3.25494
54.9494 0.900692 3.26069
54.9994 0.900705 3.26641
55.0494 0.900718 3.26212
55.0994 0.900733 3.26857
55.1494 0.900759 3.276
55.1994 0.900773 3.28091
55.2494 0.900787 3.28925
55.2994 0.900798 3.29505
55.3494 0.900817 3.30214
55.3994 0.900831 3.31028
55.4494 0.900844 3.3013
55.4994 0.900863 3.30534
55.5494 0.900878 3.31152
55.5994 0.900899 3.30858
55.6494 0.900909 3.30455
55.6994 0.900919 3.31153
55.7494 0.90093 3.32082
55.7994 0.900938 3.32611
55.8494 0.900967 3.30719
55.8994 0.900976 3.31582
55.9494 0.900981 3.32606
55.9994 0.900988 3.31691
56.0494 0.900993 3.31807
56.0994 0.900998 3.32922
56.1494 0.901002 3.32714
56.1994 0.901013 3.31749
56.2494 0.901021 3.32632
56.2994 0.901028 3.33561
56.3494 0.901036 3.33337
56.3994 0.901042 3.33607
56.4494 0.90105 3.33236
56.4994 0.901059 3.34035
56.5494 0.901066 3.34908
56.5994 0.901072 3.35715
56.6494 0.901081 3.34827
56.6994 0.901093 3.35432
56.7494 0.901099 3.36165
56.7994 0.901119 3.35215
56.8494 0.901136 3.35522
56.8994 0.901192 3.36051
56.9494 0.901199 3.36737
56.9994 0.901207 3.3745
57.0494 0.90122 3.3812
57.0994 0.901227 3.38906
57.1494 0.901237 3.38748
57.1994 0.901248 3.38955
57.2494 0.901257 3.3781
57.2994 0.90127 3.37769
57.3494 0.90128 3.38594
57.3994 0.901287 3.3835
57.4494 0.901295 3.37878
57.4994 0.901302 3.38303
57.5494 0.901311 3.38895
57.5994 0.901321 3.39512
57.6494 0.901328 3.39976
57.6994 0.901337 3.40555
57.7494 0.901349 3.41071
57.7994 0.901363 3.41661
57.8494 0.901373 3.42262
57.8994 0.901383 3.4135
57.9494 0.901393 3.41828
57.9994 0.901403 3.40888
58.0494 0.901411 3.41331
58.0994 0.90142 3.41897
58.1494 0.901429 3.42378
58.1994 0.901437 3.42881
58.2494 0.901445 3.41911
58.2994 0.901453 3.42402
58.3494 0.901463 3.42987
58.3994 0.901473 3.43536
58.4494 0.901483 3.43458
58.4994 0.901496 3.44097
58.5494 0.901507 3.44845
58.5994 0.901521 3.4567
58.6494 0.901533 3.46562
58.6994 0.901546 3.47511
58.7494 0.901558 3.4849
58.7994 0.901571 3.49489
58.8494 0.901583 3.50473
58.8994 0.901595 3.50893
58.9494 0.901608 3.52021
58.9994 0.901625 3.52695
59.0494 0.901641 3.53911
59.0994 0.901653 3.55193
59.1494 0.901668 3.56435
59.1994 0.901682 3.57701
59.2494 0.901695 3.58923
59.2994 0.901709 3.60234
59.3494 0.901722 3.61561
59.3994 0.901738 3.62957
59.4494 0.901758 3.64338
59.4994 0.901776 3.65404
59.5494 0.901792 3.66841
59.5994 0.90181 3.68276
59.6494 0.901827 3.69709
59.6994 0.901842 3.71168
59.7494 0.901857 3.72406
59.7994 0.90187 3.73735
59.8494 0.90189 3.7511
59.8994 0.901904 3.76023
59.9494 0.901918 3.76676
59.9994 0.901936 3.75674
60.0494 0.901952 3.76838
60.0994 0.901967 3.76086
60.1494 0.901982 3.77401
60.1994 0.902009 3.77394
60.2494 0.902025 3.78636
