time pknown ts
0 0 -nan
0.05 0 -nan
0.1 0.0246751 0
0.15 0.0320082 0.0114258
0.2 0.0400714 0.0239391
0.25 0.0463046 0.0325251
0.3 0.0506331 0.041651
0.35 0.053106 0.0546631
0.4 0.0555315 0.0619204
0.45 0.0573999 0.0703164
0.5 0.0588114 0.0810323
0.55 0.0600595 0.0907821
0.6 0.061077 0.10117
0.65 0.0618791 0.111757
0.7 0.0626559 0.121277
0.75 0.0634349 0.12981
0.8 0.0641684 0.136833
0.85 0.0648217 0.145024
0.9 0.0653629 0.153656
0.95 0.0658619 0.162136
1 0.0663445 0.170562
1.05 0.0667971 0.179148
1.1 0.0672236 0.187533
1.15 0.0675818 0.197825
1.2 0.0679449 0.206869
1.25 0.0682672 0.217206
1.3 0.0685546 0.228252
1.35 0.0688229 0.23717
1.4 0.0690861 0.246575
1.45 0.0693505 0.254873
1.5 0.0696076 0.263814
1.55 0.069879 0.271832
1.6 0.0701001 0.283141
1.65 0.0703296 0.291542
1.7 0.0705529 0.301294
1.75 0.0707579 0.310564
1.8 0.070968 0.318001
1.85 0.0711816 0.32594
1.9 0.0713869 0.332384
1.95 0.071572 0.340581
2 0.071759 0.349347
2.05 0.0719411 0.356729
2.1 0.0721359 0.361988
2.15 0.0723324 0.368097
2.2 0.072512 0.376677
2.25 0.0726957 0.385053
2.3 0.0728541 0.394178
2.35 0.073047 0.400708
2.4 0.0732341 0.407889
2.45 0.073408 0.415083
2.5 0.0735811 0.421946
2.55 0.0737719 0.426885
2.6 0.0739555 0.432759
2.65 0.0740944 0.439536
2.7 0.0742315 0.446725
2.75 0.0743811 0.451334
2.8 0.074536 0.453461
2.85 0.0746886 0.457752
2.9 0.0748279 0.462748
2.95 0.0749568 0.471287
3 0.0750925 0.4756
3.05 0.0752104 0.481993
3.1 0.075341 0.483747
3.15 0.0754704 0.488761
3.2 0.0755905 0.494731
3.25 0.0757068 0.500938
3.3 0.0758399 0.505629
3.35 0.0760188 0.503762
3.4 0.0761794 0.506543
3.45 0.0763291 0.510767
3.5 0.0764945 0.513659
3.55 0.0766454 0.518133
3.6 0.0768119 0.522033
3.65 0.0769937 0.525571
3.7 0.0772075 0.522307
3.75 0.0773869 0.525428
3.8 0.0775524 0.529794
3.85 0.0777276 0.534578
3.9 0.0779167 0.538054
3.95 0.0781227 0.538232
4 0.0783305 0.541345
4.05 0.0785565 0.541538
4.1 0.0788026 0.536966
4.15 0.0790504 0.535594
4.2 0.0792999 0.535039
4.25 0.0795679 0.533148
4.3 0.0798529 0.528264
4.35 0.0801691 0.523804
4.4 0.0804927 0.519403
4.45 0.080827 0.514752
4.5 0.081178 0.509916
4.55 0.0815576 0.503726
4.6 0.0819405 0.498199
4.65 0.0823749 0.488983
4.7 0.0828165 0.481788
4.75 0.0832738 0.474715
4.8 0.0837727 0.465678
4.85 0.0842599 0.460509
4.9 0.0847827 0.454013
4.95 0.0853164 0.447494
5 0.0858524 0.441059
5.05 0.0864036 0.43465
5.1 0.0869832 0.427479
5.15 0.0876104 0.416629
5.2 0.0882372 0.406526
5.25 0.0889034 0.398346
5.3 0.0895903 0.388988
5.35 0.0902912 0.379373
5.4 0.0910356 0.370381
5.45 0.0918353 0.357688
5.5 0.0926099 0.348189
5.55 0.0934025 0.338545
5.6 0.0942316 0.33021
5.65 0.0951041 0.321778
5.7 0.0959496 0.312096
5.75 0.0968395 0.303931
5.8 0.0977286 0.29519
5.85 0.0986406 0.286417
5.9 0.0995902 0.278573
5.95 0.100543 0.271331
6 0.101517 0.264606
6.05 0.102499 0.257156
6.10001 0.103494 0.249625
6.15001 0.104541 0.24261
6.20001 0.105587 0.235857
6.25001 0.10664 0.229452
6.30001 0.107705 0.223643
6.35001 0.108834 0.216062
6.40001 0.10996 0.210533
6.45001 0.111095 0.206472
6.50001 0.112235 0.202591
6.55001 0.113407 0.198317
6.60001 0.114573 0.194802
6.65001 0.115729 0.191434
6.70001 0.116913 0.187744
6.75001 0.118077 0.184913
6.80001 0.119285 0.181181
6.85001 0.120459 0.178736
6.90001 0.121655 0.17655
6.95001 0.122859 0.174779
7.00001 0.124077 0.172755
7.05001 0.125301 0.170775
7.10001 0.126499 0.169675
7.15001 0.127712 0.168687
7.20001 0.128925 0.167587
7.25001 0.130135 0.167069
7.30001 0.131316 0.166594
7.35001 0.132497 0.165828
7.40001 0.133688 0.165169
7.45001 0.134838 0.16471
7.50001 0.136016 0.164297
7.55001 0.137174 0.164189
7.60001 0.138306 0.164231
7.65001 0.139452 0.164277
7.70001 0.140602 0.16316
7.75001 0.14175 0.163149
7.80001 0.142885 0.16307
7.85001 0.144027 0.163118
7.90001 0.145171 0.163137
7.95001 0.146352 0.162959
8.00001 0.14755 0.163054
8.05001 0.148691 0.163512
8.10001 0.149845 0.164117
8.15001 0.151003 0.164697
8.20001 0.152144 0.165246
8.25001 0.153285 0.165762
8.30001 0.154435 0.166415
8.35001 0.155579 0.167166
8.40001 0.156691 0.168004
8.45001 0.157787 0.168649
8.50001 0.158921 0.1692
8.55001 0.160015 0.170133
8.60001 0.161179 0.171049
8.65001 0.162321 0.171622
8.70002 0.163489 0.172441
8.75002 0.164657 0.173495
8.80002 0.165897 0.174497
8.85002 0.167207 0.175386
8.90002 0.168516 0.176449
8.95002 0.16989 0.177597
9.00002 0.171417 0.178698
9.05002 0.172802 0.179879
9.10002 0.174155 0.181131
9.15002 0.175519 0.182572
9.20002 0.17686 0.184103
9.25002 0.178127 0.185951
9.30002 0.179342 0.188104
9.35002 0.180573 0.190442
9.40002 0.18187 0.192749
9.45002 0.183064 0.195435
9.50002 0.184258 0.198293
9.55002 0.18547 0.201147
9.60002 0.18673 0.203975
9.65002 0.18796 0.206773
9.70002 0.189229 0.209346
9.75002 0.190514 0.212142
9.80002 0.191815 0.215127
9.85002 0.193088 0.217942
9.90002 0.194343 0.221226
9.95002 0.195581 0.224764
10 0.19685 0.228324
10.05 0.19809 0.232362
10.1 0.199274 0.236487
10.15 0.200491 0.240554
10.2 0.201767 0.24483
10.25 0.202996 0.249285
10.3 0.204204 0.253752
10.35 0.205418 0.258262
10.4 0.206621 0.263039
10.45 0.207815 0.267687
10.5 0.208981 0.272743
10.55 0.210184 0.277688
10.6 0.211335 0.283148
10.65 0.212532 0.288444
10.7 0.213723 0.293786
10.75 0.214953 0.29949
10.8 0.216104 0.305289
10.85 0.217231 0.311381
10.9 0.218384 0.317752
10.95 0.219529 0.324068
11 0.220693 0.329308
11.05 0.221835 0.323054
11.1 0.222952 0.327017
11.15 0.224112 0.329991
11.2 0.225282 0.332244
11.25 0.226464 0.335132
11.3 0.227646 0.338118
11.35 0.228837 0.34141
11.4 0.230052 0.34541
11.45 0.231272 0.34991
11.5 0.232485 0.354076
11.55 0.233748 0.358634
11.6 0.235119 0.361692
11.65 0.236424 0.366513
11.7 0.237695 0.371439
11.75 0.238974 0.376595
11.8 0.240326 0.35942
11.85 0.241658 0.360799
11.9 0.242978 0.361035
11.95 0.244364 0.360439
12 0.245755 0.343787
12.05 0.247188 0.339935
12.1 0.24863 0.337193
12.15 0.250178 0.334784
12.2 0.25161 0.326303
12.25 0.25299 0.325164
12.3 0.254398 0.316884
12.35 0.255738 0.315885
12.4 0.257078 0.316693
12.45 0.258432 0.317861
12.5 0.259773 0.30519
12.55 0.261051 0.306706
12.6 0.26232 0.308833
12.65 0.26359 0.311132
12.7 0.264949 0.313407
12.75 0.26625 0.315751
12.8 0.267504 0.318922
12.85 0.268885 0.322622
12.9 0.270271 0.320044
12.95 0.271586 0.323451
13 0.272872 0.327305
13.05 0.274467 0.328755
13.1 0.275883 0.33185
13.15 0.277362 0.336258
13.2 0.278809 0.335218
13.25 0.280252 0.339386
13.3 0.281765 0.339825
13.35 0.283233 0.34378
13.4 0.284732 0.348259
13.45 0.286269 0.353197
13.5 0.287802 0.337129
13.55 0.289405 0.338363
13.6 0.290944 0.322533
13.65 0.292464 0.324984
13.7 0.293964 0.327547
13.75 0.295461 0.32972
13.8 0.297088 0.318582
13.85 0.298681 0.318971
13.9 0.300195 0.318587
13.95 0.302056 0.320706
14 0.30357 0.322255
14.05 0.305209 0.325313
14.1 0.306856 0.324602
14.15 0.308466 0.32817
14.2 0.309965 0.333079
14.25 0.311478 0.338117
14.3 0.312905 0.336764
14.35 0.314355 0.341303
14.4 0.315792 0.346868
14.45 0.317289 0.352278
14.5 0.319342 0.357854
14.55 0.320965 0.365438
14.6 0.322881 0.368019
14.65 0.324574 0.374866
14.7 0.32635 0.378484
14.75 0.328223 0.3842
14.8 0.329951 0.3911
14.85 0.331603 0.397667
14.9 0.33337 0.398431
14.95 0.335099 0.405509
15 0.336759 0.411327
15.05 0.338531 0.418398
15.1 0.340232 0.416558
15.15 0.342003 0.42328
15.2 0.343675 0.431067
15.25 0.345531 0.438853
15.3 0.347201 0.44669
15.35 0.348909 0.455149
15.4 0.350692 0.449997
15.45 0.352409 0.456207
15.5 0.354191 0.403134
15.55 0.355916 0.402345
15.6 0.357603 0.399044
15.65 0.359303 0.394141
15.7 0.360959 0.397546
15.75 0.362687 0.40224
15.8 0.364346 0.408569
15.85 0.365968 0.401317
15.9 0.367686 0.401899
15.95 0.369314 0.406838
16 0.370964 0.412541
16.05 0.372582 0.418837
16.1 0.37447 0.412691
16.15 0.376161 0.418086
16.2 0.377831 0.424492
16.25 0.379496 0.431244
16.3 0.38112 0.438923
16.35 0.38274 0.446643
16.4 0.384394 0.454485
16.45 0.386012 0.462384
16.5 0.387675 0.467434
16.55 0.389291 0.476835
16.6 0.390883 0.484009
16.65 0.392457 0.491165
16.7 0.394053 0.500553
16.75 0.395569 0.510172
16.8 0.397094 0.517668
16.85 0.39859 0.522736
16.9 0.400082 0.532631
16.95 0.40163 0.542528
17 0.403248 0.552198
17.05 0.404772 0.562862
17.1 0.406306 0.561587
17.15 0.407952 0.569058
17.2 0.409422 0.577289
17.25 0.410943 0.586865
17.3 0.412466 0.596029
17.35 0.41404 0.605283
17.4 0.415531 0.615271
17.45 0.417056 0.625974
17.5 0.418613 0.623313
17.55 0.420127 0.625552
17.6 0.421675 0.627426
17.65 0.4233 0.622977
17.7 0.424798 0.629185
17.75 0.426338 0.636195
17.8 0.427856 0.643916
17.85 0.429384 0.648253
17.9 0.430871 0.655826
17.95 0.43245 0.663233
18 0.434018 0.670779
18.05 0.435599 0.678017
18.1 0.437264 0.678813
18.15 0.438872 0.68668
18.2 0.440444 0.693661
18.25 0.442075 0.685598
18.3 0.443731 0.691823
18.35 0.445408 0.680926
18.4 0.447006 0.686265
18.45 0.448561 0.691583
18.5 0.450109 0.693822
18.55 0.451687 0.699522
18.6 0.453199 0.694783
18.65 0.454655 0.693521
18.7 0.456041 0.701927
18.75 0.457439 0.70607
18.8 0.458991 0.714706
18.85 0.460444 0.719842
18.9 0.461842 0.729581
18.95 0.463317 0.739071
19 0.464914 0.749048
19.05 0.466362 0.759653
19.1 0.467828 0.76745
19.15 0.469428 0.778376
19.2 0.47105 0.789338
19.25 0.472523 0.796239
19.3 0.474251 0.806434
19.35 0.475987 0.81704
19.4 0.477819 0.827322
19.45 0.479554 0.837884
19.5 0.481362 0.848531
19.55 0.483361 0.853473
19.6 0.485292 0.858274
19.65 0.487267 0.860501
19.7 0.489107 0.870025
19.75 0.490896 0.86946
19.8 0.4927 0.876708
19.85 0.494486 0.883376
19.9 0.496296 0.890774
19.95 0.498146 0.898656
20 0.500007 0.906933
20.05 0.501831 0.915887
20.1 0.503607 0.919673
20.15 0.505476 0.927714
20.2 0.50734 0.934776
20.25 0.509123 0.942366
20.3 0.510983 0.950492
20.35 0.512871 0.958381
20.4 0.514722 0.963672
20.45 0.516576 0.97233
20.5 0.518407 0.981325
20.55 0.520291 0.990403
20.6 0.522226 0.998872
20.65 0.524115 1.00814
20.7 0.526004 1.01721
20.75 0.527928 1.02549
20.8 0.529884 1.03467
20.85 0.531748 1.04425
20.9 0.533647 1.05434
20.95 0.5356 1.06388
21 0.537626 1.07346
21.05 0.539568 1.08271
21.1 0.541517 1.09223
21.15 0.543639 1.10132
21.2 0.545713 1.11032
21.25 0.547675 1.10338
21.3 0.549627 1.11103
21.35 0.551501 1.11935
21.4 0.553455 1.12254
21.45 0.555306 1.12965
21.5 0.557422 1.13519
21.55 0.559465 1.14242
21.6 0.561294 1.15076
21.65 0.563115 1.16017
21.7 0.564903 1.16948
21.75 0.566643 1.17028
21.8 0.568381 1.17921
21.85 0.570124 1.18832
21.9 0.571882 1.19781
21.95 0.57362 1.20734
22 0.575321 1.21153
22.0499 0.577034 1.21643
22.0999 0.578761 1.22442
22.1499 0.580484 1.23359
22.1999 0.582167 1.24309
22.2499 0.583927 1.24206
22.2999 0.585736 1.23145
22.3499 0.587495 1.23867
22.3999 0.589225 1.24608
22.4499 0.590877 1.25476
22.4999 0.592608 1.26316
22.5499 0.594249 1.27237
22.5999 0.595852 1.28183
22.6499 0.597489 1.29133
22.6999 0.599109 1.3009
22.7499 0.600655 1.30938
22.7999 0.602196 1.31927
22.8499 0.60381 1.32941
22.8999 0.605452 1.33918
22.9499 0.607002 1.34718
22.9999 0.608521 1.35749
23.0499 0.609969 1.36743
23.0999 0.611396 1.37872
23.1499 0.61282 1.39006
23.1999 0.614248 1.38779
23.2499 0.615593 1.39581
23.2999 0.617258 1.40146
23.3499 0.618544 1.41315
23.3999 0.619826 1.42237
23.4499 0.621051 1.43569
23.4999 0.6223 1.44871
23.5499 0.623512 1.46245
23.5999 0.624713 1.47648
23.6499 0.625942 1.48854
23.6999 0.627216 1.50142
23.7499 0.628433 1.51514
23.7999 0.62961 1.52913
23.8499 0.630869 1.54274
23.8999 0.632032 1.5551
23.9499 0.633183 1.56862
23.9999 0.634417 1.58262
24.0499 0.63555 1.59756
24.0999 0.63672 1.61178
24.1499 0.637936 1.60598
24.1999 0.639123 1.61084
24.2499 0.64029 1.62105
24.2999 0.641688 1.621
24.3499 0.642948 1.62836
24.3999 0.644206 1.60146
24.4499 0.645442 1.59788
24.4999 0.646708 1.59327
24.5499 0.647909 1.59549
24.5999 0.649098 1.59952
24.6499 0.650234 1.60313
24.6999 0.651374 1.60891
24.7499 0.652494 1.61584
24.7999 0.653595 1.62342
24.8499 0.654743 1.63128
24.8999 0.655863 1.63923
24.9499 0.656965 1.64796
24.9999 0.658025 1.65765
25.0499 0.659124 1.66689
25.0999 0.660212 1.67666
25.1499 0.661258 1.68676
25.1999 0.662301 1.68732
25.2499 0.663421 1.69603
25.2999 0.664477 1.70597
25.3499 0.665526 1.71596
25.3999 0.666573 1.72579
25.4499 0.667654 1.73547
25.4999 0.668705 1.74493
25.5499 0.669713 1.75198
25.5999 0.670811 1.76145
25.6499 0.672423 1.75751
25.6999 0.673597 1.76386
25.7499 0.674924 1.77103
25.7999 0.676278 1.77827
25.8499 0.677573 1.78678
25.8999 0.678861 1.79564
25.9499 0.680174 1.80451
25.9999 0.6812 1.80811
26.0499 0.682242 1.81764
26.0999 0.683296 1.82771
26.1499 0.684373 1.8381
26.1999 0.685373 1.83969
26.2499 0.68637 1.84934
26.2999 0.687356 1.85861
26.3499 0.688336 1.86598
26.3999 0.689273 1.85694
26.4499 0.69025 1.86506
26.4999 0.691224 1.87162
26.5499 0.692204 1.88101
26.5999 0.693193 1.89055
26.6499 0.69412 1.89364
26.6999 0.695006 1.90352
26.7499 0.69589 1.91336
26.7999 0.696779 1.92398
26.8499 0.69764 1.93471
26.8999 0.69847 1.94562
26.9499 0.699323 1.95669
26.9999 0.700137 1.96741
27.0499 0.700921 1.97957
27.0999 0.701684 1.99217
27.1499 0.70245 2.00468
27.1999 0.7032 2.01702
27.2499 0.703933 2.02818
27.2999 0.704661 2.04051
27.3499 0.705354 2.05348
27.3999 0.706136 2.06512
27.4499 0.706806 2.07984
27.4999 0.707455 2.0934
27.5499 0.708126 2.1094
27.5999 0.70882 2.11281
27.6499 0.709358 2.12547
27.6999 0.709897 2.13989
27.7499 0.710439 2.15441
27.7999 0.710955 2.16938
27.8499 0.711492 2.18281
27.8999 0.712011 2.19676
27.9499 0.712549 2.20818
27.9999 0.713045 2.21803
28.0499 0.713555 2.23212
28.0999 0.714037 2.2386
28.1499 0.714492 2.25259
28.1999 0.715124 2.23544
28.2499 0.715547 2.24338
28.2999 0.715961 2.24771
28.3499 0.716418 2.25435
28.3999 0.716873 2.2366
28.4499 0.717336 2.24257
28.4999 0.717997 2.21997
28.5499 0.718533 2.2095
28.5998 0.719407 2.19579
28.6498 0.720031 2.18882
28.6998 0.720601 2.18749
28.7498 0.721191 2.18611
28.7998 0.721784 2.185
28.8498 0.722427 2.18486
28.8998 0.723058 2.18566
28.9498 0.723669 2.18792
28.9998 0.724272 2.18788
29.0498 0.724935 2.19214
29.0998 0.725583 2.18624
29.1498 0.726237 2.19077
29.1998 0.726849 2.17566
29.2498 0.727432 2.17187
29.2998 0.728035 2.17353
29.3498 0.728694 2.17278
29.3998 0.72942 2.1565
29.4498 0.730178 2.15485
29.4998 0.730847 2.1382
29.5498 0.731531 2.12909
29.5998 0.732199 2.11874
29.6498 0.732824 2.11696
29.6998 0.733422 2.11893
29.7498 0.733997 2.12108
29.7998 0.734554 2.12503
29.8498 0.735085 2.13045
29.8998 0.735608 2.13555
29.9498 0.736118 2.14224
29.9998 0.736629 2.14932
30.0498 0.737143 2.1571
30.0998 0.737625 2.16529
30.1498 0.738119 2.17384
30.1998 0.738846 2.1664
30.2498 0.739373 2.16154
30.2998 0.739889 2.16335
30.3498 0.740375 2.16624
30.3998 0.740838 2.1628
30.4498 0.7413 2.16886
30.4998 0.741797 2.16299
30.5498 0.742271 2.14743
30.5998 0.742725 2.14598
30.6498 0.743182 2.14931
30.6998 0.743607 2.15429
30.7498 0.744072 2.15893
30.7998 0.744495 2.16389
30.8498 0.744973 2.16849
30.8998 0.745452 2.17265
30.9498 0.745891 2.1783
30.9998 0.746322 2.18352
31.0498 0.746736 2.18826
31.0998 0.747176 2.19376
31.1498 0.747648 2.19977
31.1998 0.748076 2.20676
31.2498 0.748509 2.21192
31.2998 0.748934 2.21476
31.3498 0.749344 2.22104
31.3998 0.749801 2.22667
31.4498 0.750271 2.23228
31.4998 0.750697 2.23815
31.5498 0.751172 2.21927
31.5998 0.751638 2.22255
31.6498 0.752112 2.22767
31.6998 0.752566 2.23277
31.7498 0.75299 2.23818
31.7998 0.753439 2.24342
31.8498 0.753874 2.24903
31.8998 0.754337 2.25475
31.9498 0.75477 2.25956
31.9998 0.755217 2.26594
32.0498 0.755647 2.26955
32.0998 0.756112 2.27615
32.1498 0.756573 2.28275
32.1998 0.756995 2.28998
32.2498 0.75746 2.29765
32.2998 0.757903 2.3043
32.3498 0.758373 2.29054
32.3998 0.758828 2.29525
32.4498 0.759224 2.30038
32.4998 0.759628 2.30531
32.5498 0.760044 2.31034
32.5998 0.760436 2.3174
32.6498 0.760822 2.32471
32.6998 0.761227 2.33276
32.7498 0.761615 2.34093
32.7998 0.761991 2.34912
32.8498 0.762373 2.35758
32.8998 0.762758 2.36573
32.9498 0.763141 2.37341
32.9998 0.763529 2.38225
33.0498 0.763939 2.39068
33.0998 0.76432 2.39485
33.1498 0.764717 2.40311
33.1998 0.765098 2.41205
33.2498 0.765496 2.42055
33.2998 0.765867 2.43054
33.3498 0.766258 2.4394
33.3998 0.766636 2.44912
33.4498 0.767167 2.44126
33.4998 0.767554 2.44817
33.5498 0.768141 2.44412
33.5998 0.768638 2.44858
33.6498 0.769111 2.45346
33.6998 0.769595 2.4595
33.7498 0.770125 2.46507
33.7998 0.770676 2.46553
33.8498 0.771183 2.47224
33.8998 0.771709 2.47905
33.9498 0.772268 2.48331
33.9998 0.7728 2.49036
34.0498 0.773336 2.49729
34.0998 0.773873 2.50443
34.1498 0.774438 2.51177
34.1998 0.774961 2.51941
34.2498 0.775496 2.52744
34.2998 0.776042 2.53086
34.3498 0.776646 2.53704
34.3998 0.777243 2.54457
34.4498 0.77797 2.5432
34.4998 0.778592 2.54839
34.5498 0.779161 2.55215
34.5998 0.779708 2.55769
34.6498 0.78027 2.56322
34.6998 0.780861 2.57099
34.7498 0.781421 2.57839
34.7998 0.78193 2.58599
34.8498 0.782604 2.59351
34.8998 0.783158 2.60169
34.9498 0.783693 2.6097
34.9998 0.784235 2.619
35.0498 0.78482 2.62777
35.0998 0.785352 2.6363
35.1497 0.785878 2.64558
35.1997 0.786412 2.65393
35.2497 0.786987 2.66226
35.2997 0.787506 2.66948
35.3497 0.788056 2.67729
35.3997 0.788616 2.68567
35.4497 0.789151 2.69422
35.4997 0.789675 2.7025
35.5497 0.790245 2.71061
35.5997 0.790827 2.7185
35.6497 0.791345 2.72609
35.6997 0.791894 2.7344
35.7497 0.792443 2.74271
35.7997 0.792976 2.75076
35.8497 0.793503 2.75824
35.8997 0.794051 2.76361
35.9497 0.794603 2.77112
35.9997 0.795135 2.7791
36.0497 0.795653 2.78711
36.0997 0.796655 2.778
36.1497 0.797287 2.78247
36.1997 0.797904 2.78676
36.2497 0.798538 2.79169
36.2997 0.799165 2.79446
36.3497 0.799829 2.80046
36.3997 0.800425 2.80743
36.4497 0.801027 2.81503
36.4997 0.801665 2.81418
36.5497 0.802172 2.82028
36.5997 0.802643 2.82806
36.6497 0.803117 2.83305
36.6997 0.803664 2.83367
36.7497 0.804134 2.8394
36.7997 0.804632 2.84483
36.8497 0.805112 2.85032
36.8997 0.805592 2.86012
36.9497 0.806156 2.86926
36.9997 0.806632 2.87137
37.0497 0.807111 2.87784
37.0997 0.80771 2.88348
37.1497 0.808258 2.89298
37.1997 0.808735 2.9018
37.2497 0.809185 2.91154
37.2997 0.809708 2.91934
37.3497 0.810125 2.92948
37.3997 0.810536 2.93229
37.4497 0.810956 2.94135
37.4997 0.811394 2.95007
37.5497 0.811822 2.95842
37.5997 0.812236 2.96724
37.6497 0.81266 2.97593
37.6997 0.813089 2.9803
37.7497 0.81348 2.98714
37.7997 0.813873 2.98442
37.8497 0.81425 2.9897
37.8997 0.814636 2.995
37.9497 0.815019 3.00216
37.9997 0.815389 3.00885
38.0497 0.815886 3.01389
38.0997 0.81626 3.02156
38.1497 0.816631 3.02899
38.1997 0.817005 3.03653
38.2497 0.817387 3.04465
38.2997 0.817759 3.05274
38.3497 0.818198 3.05972
38.3997 0.818636 3.06769
38.4497 0.819121 3.06951
38.4997 0.819642 3.0746
38.5497 0.820193 3.08053
38.5997 0.820788 3.08628
38.6497 0.821421 3.09201
38.6997 0.822103 3.09826
38.7497 0.822637 3.10151
38.7997 0.823117 3.10734
38.8497 0.823465 3.1128
38.8997 0.823792 3.11842
38.9497 0.824105 3.12097
38.9997 0.824426 3.12814
39.0497 0.824737 3.11099
39.0997 0.825029 3.11483
39.1497 0.825333 3.11924
39.1997 0.825649 3.12425
39.2497 0.825962 3.12773
39.2997 0.826245 3.13247
39.3497 0.826548 3.13666
39.3997 0.826889 3.12293
39.4497 0.827158 3.12448
39.4997 0.82741 3.12718
39.5497 0.827654 3.12408
39.5997 0.827914 3.12555
39.6497 0.828163 3.12867
39.6997 0.828397 3.13154
39.7497 0.828623 3.13397
39.7997 0.828854 3.13736
39.8497 0.829075 3.1363
39.8997 0.829287 3.13685
39.9497 0.829507 3.12836
39.9997 0.829699 3.12879
40.0497 0.829876 3.13097
40.0997 0.830043 3.13603
40.1497 0.830211 3.14015
40.1997 0.830391 3.14527
40.2497 0.830563 3.1513
40.2997 0.830728 3.15708
40.3497 0.830899 3.16254
40.3997 0.831051 3.14374
40.4497 0.8312 3.14484
40.4997 0.831346 3.14924
40.5497 0.831487 3.15061
40.5997 0.831634 3.1511
40.6497 0.831779 3.15184
40.6997 0.831921 3.15391
40.7497 0.832059 3.15526
40.7997 0.832198 3.15681
40.8497 0.832336 3.15997
40.8997 0.832462 3.16408
40.9497 0.83268 3.14716
40.9997 0.832815 3.14961
41.0497 0.832971 3.14988
41.0997 0.833129 3.15109
41.1497 0.833294 3.15194
41.1997 0.833449 3.15306
41.2497 0.833597 3.1543
41.2997 0.833715 3.14004
41.3497 0.83382 3.13858
41.3997 0.83392 3.13901
41.4497 0.83402 3.13957
41.4997 0.834119 3.14156
41.5497 0.834221 3.13277
41.5997 0.834323 3.13434
41.6497 0.83442 3.13471
41.6996 0.834515 3.13654
41.7496 0.834612 3.13874
41.7996 0.834711 3.13967
41.8496 0.834811 3.13084
41.8996 0.834908 3.1231
41.9496 0.835431 3.0985
41.9996 0.835589 3.08458
42.0496 0.835727 3.08526
42.0996 0.835876 3.08609
42.1496 0.836073 3.08605
42.1996 0.836335 3.0861
42.2496 0.836601 3.08429
42.2996 0.836847 3.08078
42.3496 0.837106 3.08238
42.3996 0.837359 3.0842
42.4496 0.83759 3.08721
42.4996 0.837802 3.08982
42.5496 0.83801 3.09391
42.5996 0.838225 3.09818
42.6496 0.838428 3.10179
42.6996 0.838617 3.10603
42.7496 0.838809 3.11079
42.7996 0.839006 3.11492
42.8496 0.839187 3.11185
42.8996 0.839369 3.1074
42.9496 0.839457 3.09676
42.9996 0.839554 3.09806
43.0496 0.83967 3.08905
43.0996 0.839768 3.08662
43.1496 0.839881 3.08432
43.1996 0.840052 3.08186
43.2496 0.840212 3.07967
43.2996 0.840348 3.07703
43.3496 0.840495 3.07204
43.3996 0.840645 3.07162
43.4496 0.84079 3.07074
43.4996 0.840938 3.07208
43.5496 0.8411 3.07332
43.5996 0.841267 3.07576
43.6496 0.841417 3.07871
43.6996 0.841565 3.0805
43.7496 0.841707 3.08337
43.7996 0.841856 3.08694
43.8496 0.841997 3.0911
43.8996 0.842147 3.08843
43.9496 0.842288 3.08645
43.9996 0.842439 3.09129
44.0496 0.842654 3.09535
44.0996 0.8428 3.10006
44.1496 0.843289 3.08969
44.1996 0.843418 3.09181
44.2496 0.843548 3.08724
44.2996 0.84369 3.08847
44.3496 0.84383 3.08804
44.3996 0.843975 3.0883
44.4496 0.844097 3.0896
44.4996 0.84422 3.09233
44.5496 0.84432 3.09543
44.5996 0.84441 3.09942
44.6496 0.844505 3.10451
44.6996 0.844586 3.11038
44.7496 0.844677 3.11347
44.7996 0.844757 3.12021
44.8496 0.844832 3.12782
44.8996 0.844912 3.12982
44.9496 0.844979 3.13342
44.9996 0.84505 3.14112
45.0496 0.845129 3.14868
45.0996 0.845199 3.15665
45.1496 0.845262 3.16487
45.1996 0.845329 3.17042
45.2496 0.845393 3.1713
45.2996 0.845451 3.16849
45.3496 0.845508 3.17228
45.3996 0.845574 3.17768
45.4496 0.845626 3.18376
45.4996 0.845679 3.18685
45.5496 0.84574 3.19321
45.5996 0.845796 3.20081
45.6496 0.845842 3.20859
45.6996 0.84589 3.21514
45.7496 0.845935 3.22187
45.7996 0.846001 3.22985
45.8496 0.846054 3.23812
45.8996 0.846104 3.2463
45.9496 0.846152 3.25091
45.9996 0.846196 3.26025
46.0496 0.846258 3.26855
46.0996 0.846324 3.27729
46.1496 0.846364 3.28409
46.1996 0.846403 3.29164
46.2496 0.846442 3.29764
46.2996 0.846477 3.30631
46.3496 0.846516 3.31659
46.3996 0.846558 3.32633
46.4496 0.846601 3.33224
46.4996 0.846639 3.34233
46.5496 0.846676 3.35284
46.5996 0.846709 3.36319
46.6496 0.846749 3.3738
46.6996 0.846784 3.38289
46.7496 0.846819 3.39419
46.7996 0.846852 3.40501
46.8496 0.846893 3.41613
46.8996 0.846928 3.42502
46.9496 0.846959 3.43361
46.9996 0.846995 3.4444
47.0496 0.847042 3.45526
47.0996 0.847076 3.46699
47.1496 0.84711 3.47827
47.1996 0.847141 3.48008
47.2496 0.847171 3.48947
47.2996 0.847202 3.49799
47.3496 0.847232 3.50857
47.3996 0.847261 3.51948
47.4496 0.84729 3.52991
47.4996 0.847324 3.54025
47.5496 0.847344 3.54115
47.5996 0.847368 3.55124
47.6496 0.84739 3.55945
47.6996 0.847418 3.5648
47.7496 0.847443 3.57373
47.7996 0.847466 3.58226
47.8496 0.847491 3.59074
47.8996 0.847514 3.59656
47.9496 0.847536 3.60535
47.9996 0.84756 3.61385
48.0496 0.847582 3.62295
48.0996 0.847607 3.63193
48.1496 0.847633 3.64034
48.1996 0.847659 3.6491
48.2495 0.847687 3.65801
48.2995 0.847713 3.66681
48.3495 0.847807 3.67088
48.3995 0.847851 3.67705
48.4495 0.847896 3.6846
48.4995 0.84795 3.69244
48.5495 0.847998 3.69772
48.5995 0.84804 3.7041
48.6495 0.848083 3.70772
48.6995 0.848121 3.71372
48.7495 0.848159 3.71973
48.7995 0.848205 3.71519
48.8495 0.848243 3.71831
48.8995 0.84829 3.71972
48.9495 0.848327 3.72227
48.9995 0.848369 3.72595
49.0495 0.848406 3.73062
49.0995 0.848453 3.73286
49.1495 0.848501 3.73751
49.1995 0.848549 3.74285
49.2495 0.848601 3.74786
49.2995 0.848643 3.75153
49.3495 0.848697 3.75447
49.3995 0.848754 3.75848
49.4495 0.848804 3.75544
49.4995 0.848862 3.75848
49.5495 0.848924 3.75836
49.5995 0.848993 3.75982
49.6495 0.849058 3.76128
49.6995 0.849133 3.74645
49.7495 0.849204 3.74584
49.7995 0.849267 3.74527
49.8495 0.849327 3.74558
49.8995 0.849395 3.74736
49.9495 0.849467 3.7434
49.9995 0.849534 3.74478
50.0495 0.849597 3.74451
50.0995 0.849674 3.74706
50.1495 0.849743 3.74857
50.1995 0.849805 3.74992
50.2495 0.849875 3.75271
50.2995 0.849938 3.75501
50.3495 0.850007 3.7566
50.3995 0.85008 3.75904
50.4495 0.850146 3.75792
50.4995 0.850216 3.76121
50.5495 0.850289 3.76208
50.5995 0.850364 3.7648
50.6495 0.850432 3.76833
50.6995 0.850494 3.77056
50.7495 0.850546 3.7633
50.7995 0.850616 3.76035
50.8495 0.850679 3.76209
50.8995 0.850744 3.76606
50.9495 0.850801 3.77175
50.9995 0.850861 3.77831
51.0495 0.850923 3.78237
51.0995 0.850985 3.78781
51.1495 0.851044 3.79403
51.1995 0.851109 3.78223
51.2495 0.85117 3.7835
51.2995 0.851233 3.78413
51.3495 0.851292 3.78397
51.3995 0.851351 3.78465
51.4495 0.851415 3.78528
51.4995 0.851475 3.78889
51.5495 0.851528 3.79337
51.5995 0.851589 3.7975
51.6495 0.851638 3.80296
51.6995 0.851698 3.80818
51.7495 0.851762 3.80059
51.7995 0.851817 3.80245
51.8495 0.851889 3.80232
51.8995 0.851947 3.80535
51.9495 0.852005 3.80657
51.9995 0.852062 3.80967
52.0495 0.852128 3.80438
52.0995 0.852183 3.80713
52.1495 0.852242 3.81019
52.1995 0.852308 3.78043
52.2495 0.852388 3.77426
52.2995 0.852462 3.77161
52.3495 0.852538 3.77006
52.3995 0.852628 3.76951
52.4495 0.852715 3.76704
52.4995 0.852825 3.76596
52.5495 0.852932 3.76607
52.5995 0.853048 3.76625
52.6495 0.853188 3.76636
52.6995 0.853331 3.76694
52.7495 0.853464 3.76902
52.7995 0.853591 3.77095
52.8495 0.853713 3.77232
52.8995 0.853846 3.77454
52.9495 0.853971 3.77171
52.9995 0.854093 3.77218
53.0495 0.854219 3.77533
53.0995 0.854343 3.77725
53.1495 0.854469 3.77954
53.1995 0.854601 3.77371
53.2495 0.854714 3.77764
53.2995 0.854842 3.78193
53.3495 0.854951 3.78093
53.3995 0.855055 3.78406
53.4495 0.855183 3.78623
53.4995 0.855292 3.78081
53.5495 0.85541 3.77676
53.5995 0.855527 3.77665
53.6495 0.855667 3.77843
53.6995 0.855802 3.78008
53.7495 0.855932 3.78116
53.7995 0.856067 3.78312
53.8495 0.856188 3.78304
53.8995 0.85631 3.78479
53.9495 0.856449 3.78303
53.9995 0.856591 3.78434
54.0495 0.856731 3.78785
54.0995 0.856868 3.79332
54.1495 0.856998 3.80082
54.1995 0.857145 3.78895
54.2495 0.857287 3.79266
54.2995 0.857434 3.79826
54.3495 0.857612 3.78087
54.3995 0.857778 3.7809
54.4495 0.857955 3.78338
54.4995 0.858125 3.78423
54.5495 0.858307 3.78807
54.5995 0.858485 3.78846
54.6495 0.858669 3.7938
54.6995 0.858846 3.79946
54.7495 0.859028 3.80523
54.7994 0.859191 3.81118
54.8494 0.859361 3.81764
54.8994 0.859587 3.82403
54.9494 0.859765 3.83148
54.9994 0.859936 3.83879
55.0494 0.86013 3.84525
55.0994 0.860317 3.8524
55.1494 0.860485 3.8607
55.1994 0.860668 3.86759
55.2494 0.860858 3.87596
55.2994 0.861025 3.88368
55.3494 0.861207 3.88967
55.3994 0.861396 3.89757
55.4494 0.861568 3.90617
55.4994 0.861739 3.91413
55.5494 0.861935 3.92228
55.5994 0.862112 3.9228
55.6494 0.862275 3.93109
55.6994 0.862465 3.93741
55.7494 0.862652 3.94486
55.7994 0.862809 3.95315
55.8494 0.862992 3.95128
55.8994 0.863182 3.95954
55.9494 0.863336 3.95551
55.9994 0.863508 3.95991
56.0494 0.863689 3.9634
56.0994 0.863865 3.96795
56.1494 0.864038 3.97319
56.1994 0.864218 3.9796
56.2494 0.864414 3.98654
56.2994 0.864587 3.99191
56.3494 0.864768 3.99391
56.3994 0.864959 3.99411
56.4494 0.865128 4.00213
56.4994 0.86531 4.00684
56.5494 0.865501 4.01016
56.5994 0.865673 4.00913
56.6494 0.865868 4.01275
56.6994 0.866095 4.01785
56.7494 0.866275 4.02041
56.7994 0.86646 4.02565
56.8494 0.866686 4.02065
56.8994 0.866866 4.02085
56.9494 0.867069 4.01551
56.9994 0.867301 4.01746
57.0494 0.867496 4.02123
57.0994 0.867695 4.02369
57.1494 0.867911 4.0248
57.1994 0.868097 4.02538
57.2494 0.86828 4.03022
57.2994 0.868481 4.0346
57.3494 0.868677 4.03585
57.3994 0.868863 4.03723
57.4494 0.869063 4.04381
57.4994 0.86923 4.04756
57.5494 0.869395 4.05532
57.5994 0.86956 4.06238
57.6494 0.869719 4.06941
57.6994 0.869888 4.07465
57.7494 0.870031 4.07715
57.7994 0.870206 4.08373
57.8494 0.870379 4.09109
57.8994 0.87052 4.09786
57.9494 0.870684 4.10498
57.9994 0.87085 4.1138
58.0494 0.870996 4.12225
58.0994 0.871146 4.13066
58.1494 0.871306 4.13557
58.1994 0.871458 4.14398
58.2494 0.871599 4.15217
58.2994 0.871752 4.16079
58.3494 0.871903 4.1391
58.3994 0.872038 4.14124
58.4494 0.872195 4.14301
58.4994 0.872344 4.13972
58.5494 0.872489 4.13896
58.5994 0.872631 4.13878
58.6494 0.872785 4.13818
58.6994 0.872921 4.13928
58.7494 0.873052 4.13596
58.7994 0.873203 4.13947
58.8494 0.87334 4.14278
58.8994 0.873462 4.14404
58.9494 0.873601 4.14558
58.9994 0.87374 4.1495
59.0494 0.873848 4.15328
59.0994 0.873982 4.15751
59.1494 0.874121 4.13689
59.1994 0.874222 4.13544
59.2494 0.874349 4.13441
59.2994 0.874464 4.13445
59.3494 0.874587 4.13545
59.3994 0.874708 4.13703
59.4494 0.874823 4.1396
59.4994 0.874934 4.14209
59.5494 0.875048 4.14324
59.5994 0.875162 4.14637
59.6494 0.875268 4.14959
59.6994 0.875374 4.15296
59.7494 0.875485 4.15577
59.7994 0.875594 4.15983
59.8494 0.875692 4.16456
59.8994 0.875794 4.16864
59.9494 0.875899 4.17197
59.9994 0.875991 4.17594
60.0494 0.876094 4.17914
60.0994 0.876195 4.18361
60.1494 0.876286 4.18445
60.1994 0.876385 4.18851
60.2494 0.876486 4.19043
60.2994 0.876572 4.19587
60.3494 0.876668 4.20091
60.3994 0.876766 4.20631
60.4494 0.876845 4.21185
60.4994 0.876932 4.21738
60.5494 0.877147 4.19711
60.5994 0.877248 4.19732
60.6494 0.877353 4.19786
60.6994 0.877486 4.19706
60.7494 0.877588 4.19028
60.7994 0.877697 4.18733
60.8494 0.877791 4.18469
60.8994 0.877912 4.18188
60.9494 0.878152 4.12649
