time pknown ts
0 0 -nan
0.05 0 -nan
0.1 0.0277876 0
0.15 0.035561 0.0109123
0.2 0.0453871 0.0197802
0.25 0.0523066 0.0266954
0.3 0.0571382 0.0347284
0.35 0.0604479 0.04431
0.4 0.0628215 0.0543465
0.45 0.0646856 0.0641123
0.5 0.0661836 0.074655
0.55 0.0674374 0.085254
0.6 0.0683903 0.0961584
0.65 0.0693531 0.105969
0.7 0.0701589 0.116621
0.75 0.0708405 0.126899
0.8 0.0714681 0.136108
0.85 0.0720308 0.145817
0.9 0.07258 0.153901
0.95 0.0731041 0.161449
1 0.0735895 0.168581
1.05 0.0740459 0.176103
1.1 0.0745024 0.183875
1.15 0.0749179 0.19255
1.2 0.0753385 0.199123
1.25 0.075736 0.207169
1.3 0.0761151 0.213434
1.35 0.0764741 0.222068
1.4 0.0768007 0.23108
1.45 0.077106 0.239889
1.5 0.0774271 0.248705
1.55 0.0777074 0.257579
1.6 0.0779824 0.266595
1.65 0.0782001 0.276815
1.7 0.0784357 0.285999
1.75 0.078689 0.294522
1.8 0.0789236 0.303189
1.85 0.0791368 0.312985
1.9 0.079971 0.275823
1.95 0.0801015 0.293259
2 0.0803028 0.305674
2.05 0.0805587 0.313637
2.1 0.0808849 0.316662
2.15 0.0812673 0.317243
2.2 0.0816827 0.316603
2.25 0.0821211 0.315606
2.3 0.0825771 0.31506
2.35 0.083077 0.313951
2.4 0.083569 0.312403
2.45 0.0840941 0.31024
2.5 0.0846689 0.307765
2.55 0.0852495 0.305456
2.6 0.0858855 0.302411
2.65 0.0865426 0.298671
2.7 0.0872225 0.294596
2.75 0.0879574 0.290129
2.8 0.0887126 0.285152
2.85 0.0894857 0.280646
2.9 0.0903095 0.275675
2.95 0.0911645 0.270683
3 0.0920551 0.265691
3.05 0.092963 0.260702
3.1 0.0939 0.255695
3.15 0.0948501 0.250794
3.2 0.0958121 0.24543
3.25 0.0968204 0.240317
3.3 0.0978068 0.234986
3.35 0.098799 0.230255
3.4 0.0998366 0.225386
3.45 0.100839 0.220776
3.5 0.101878 0.215915
3.55 0.102921 0.211073
3.6 0.103935 0.206648
3.65 0.104996 0.201991
3.7 0.106063 0.19768
3.75 0.107128 0.193073
3.8 0.108232 0.188456
3.85 0.109324 0.184223
3.9 0.110451 0.180046
3.95 0.111577 0.176293
4 0.112716 0.172634
4.05 0.113851 0.168727
4.1 0.114995 0.165474
4.15 0.116152 0.162195
4.2 0.117307 0.159019
4.25 0.11846 0.156142
4.3 0.11962 0.153283
4.35 0.120802 0.150513
4.4 0.121995 0.147972
4.45 0.123166 0.145694
4.5 0.124372 0.143341
4.55 0.125571 0.141272
4.6 0.126775 0.139572
4.65 0.128001 0.138145
4.7 0.129222 0.136751
4.75 0.130455 0.135621
4.8 0.131657 0.134616
4.85 0.132893 0.133537
4.9 0.13409 0.132832
4.95 0.135306 0.132149
5 0.136511 0.13148
5.05 0.137718 0.13099
5.1 0.138922 0.130765
5.15 0.140148 0.130155
5.2 0.141358 0.129936
5.25 0.14254 0.129803
5.3 0.14375 0.129654
5.35 0.144969 0.129476
5.4 0.14615 0.129404
5.45 0.147341 0.129589
5.5 0.148549 0.129613
5.55 0.149722 0.129952
5.6 0.150909 0.130568
5.65 0.152106 0.131027
5.7 0.15333 0.131537
5.75 0.154492 0.132393
5.8 0.155687 0.133136
5.85 0.156903 0.133953
5.9 0.158067 0.135097
5.95 0.159272 0.136109
6 0.160535 0.137092
6.05 0.161736 0.138465
6.10001 0.162936 0.139905
6.15001 0.16419 0.141286
6.20001 0.165437 0.1429
6.25001 0.166642 0.144698
6.30001 0.167869 0.14664
6.35001 0.169094 0.148731
6.40001 0.170346 0.150668
6.45001 0.17157 0.152979
6.50001 0.172774 0.155414
6.55001 0.174045 0.157763
6.60001 0.175278 0.160231
6.65001 0.176487 0.163372
6.70001 0.177721 0.166355
6.75001 0.178997 0.169232
6.80001 0.180191 0.17253
6.85001 0.181417 0.175866
6.90001 0.182686 0.179094
6.95001 0.183926 0.182708
7.00001 0.185162 0.186462
7.05001 0.186417 0.189912
7.10001 0.187735 0.193529
7.15001 0.188996 0.197497
7.20001 0.190254 0.20146
7.25001 0.191553 0.205293
7.30001 0.19285 0.209593
7.35001 0.194158 0.213855
7.40001 0.195461 0.218148
7.45001 0.196789 0.222375
7.50001 0.198104 0.227124
7.55001 0.199499 0.231762
7.60001 0.200838 0.23637
7.65001 0.202139 0.241339
7.70001 0.203384 0.246577
7.75001 0.204676 0.251271
7.80001 0.2059 0.256838
7.85001 0.207095 0.262636
7.90001 0.208291 0.268277
7.95001 0.209479 0.273944
8.00001 0.210639 0.280095
8.05001 0.211783 0.28636
8.10001 0.21295 0.292552
8.15001 0.214093 0.299096
8.20001 0.21521 0.305816
8.25001 0.216332 0.312499
8.30001 0.217469 0.319382
8.35001 0.218579 0.326664
8.40001 0.219651 0.334059
8.45001 0.220798 0.341299
8.50001 0.2219 0.349071
8.55001 0.222975 0.357004
8.60001 0.224069 0.364843
8.65001 0.225178 0.372942
8.70002 0.226271 0.381104
8.75002 0.227294 0.389932
8.80002 0.228361 0.398643
8.85002 0.229473 0.407565
8.90002 0.23054 0.416818
8.95002 0.231572 0.426386
9.00002 0.232627 0.435938
9.05002 0.233692 0.445768
9.10002 0.234753 0.455969
9.15002 0.235791 0.466375
9.20002 0.236797 0.47703
9.25002 0.2378 0.487838
9.30002 0.238809 0.498864
9.35002 0.239814 0.51001
9.40002 0.240825 0.521377
9.45002 0.241793 0.533443
9.50002 0.242771 0.545557
9.55002 0.243737 0.558094
9.60002 0.244738 0.570775
9.65002 0.245762 0.583644
9.70002 0.246755 0.596506
9.75002 0.247712 0.610014
9.80002 0.248675 0.623767
9.85002 0.249658 0.637563
9.90002 0.25067 0.651524
9.95002 0.251644 0.665717
10 0.252652 0.68005
10.05 0.253665 0.694609
10.1 0.254671 0.709664
10.15 0.255643 0.725029
10.2 0.256642 0.740392
10.25 0.257645 0.756009
10.3 0.258625 0.772063
10.35 0.259533 0.78867
10.4 0.260476 0.805277
10.45 0.261456 0.822006
10.5 0.262418 0.83918
10.55 0.263348 0.856721
10.6 0.264292 0.874325
10.65 0.265283 0.892033
10.7 0.266261 0.909987
10.75 0.267211 0.928084
10.8 0.268165 0.946436
10.85 0.269118 0.965015
10.9 0.270049 0.98386
10.95 0.27099 1.00286
11 0.271956 1.0219
11.05 0.272936 1.0409
11.1 0.273883 1.06031
11.15 0.274838 1.07995
11.2 0.275818 1.02815
11.25 0.276771 1.04426
11.3 0.277703 1.06167
11.35 0.278714 1.07927
11.4 0.279711 1.09776
11.45 0.28067 1.11698
11.5 0.28166 1.13622
11.55 0.282675 1.1558
11.6 0.28365 1.17617
11.65 0.284568 1.19704
11.7 0.285509 1.21776
11.75 0.286469 1.23866
11.8 0.287385 1.2597
11.85 0.28828 1.20515
11.9 0.289263 1.22098
11.95 0.290208 1.23925
12 0.29117 1.25796
12.05 0.292097 1.17888
12.1 0.293117 1.15045
12.15 0.294125 1.16337
12.2 0.295072 1.17943
12.25 0.296064 1.19614
12.3 0.297026 1.21363
12.35 0.297973 1.23191
12.4 0.298982 1.19181
12.45 0.300019 1.2031
12.5 0.301013 1.22164
12.55 0.301982 1.2407
12.6 0.303026 1.25946
12.65 0.304044 1.27842
12.7 0.305054 1.2975
12.75 0.306204 1.31613
12.8 0.307285 1.33519
12.85 0.308373 1.35429
12.9 0.309493 1.37294
12.95 0.310625 1.39138
13 0.311846 1.40863
13.05 0.313016 1.42526
13.1 0.314275 1.44364
13.15 0.315461 1.46131
13.2 0.316623 1.44981
13.25 0.317904 1.46691
13.3 0.319176 1.44776
13.35 0.320361 1.44861
13.4 0.321676 1.46723
13.45 0.322996 1.48742
13.5 0.324265 1.50874
13.55 0.325595 1.52996
13.6 0.326899 1.55025
13.65 0.328176 1.57219
13.7 0.329618 1.59465
13.75 0.331023 1.60052
13.8 0.332289 1.62384
13.85 0.33371 1.64656
13.9 0.335126 1.66957
13.95 0.336507 1.69281
14 0.337985 1.71561
14.05 0.339626 1.73761
14.1 0.341293 1.75949
14.15 0.342891 1.78167
14.2 0.344479 1.80388
14.25 0.34581 1.82757
14.3 0.347139 1.85138
14.35 0.34847 1.87502
14.4 0.349813 1.86962
14.45 0.351136 1.88883
14.5 0.352466 1.86965
14.55 0.353838 1.8516
14.6 0.355184 1.82029
14.65 0.356726 1.79776
14.7 0.3583 1.79872
14.75 0.360011 1.80708
14.8 0.361657 1.81923
14.85 0.363149 1.83436
14.9 0.364549 1.84961
14.95 0.366056 1.84228
15 0.367602 1.85146
15.05 0.36913 1.86754
15.1 0.370741 1.88352
15.15 0.3724 1.90009
15.2 0.374004 1.91678
15.25 0.375772 1.93191
15.3 0.377414 1.94765
15.35 0.378849 1.96422
15.4 0.380356 1.94467
15.45 0.381967 1.95673
15.5 0.383463 1.96561
15.55 0.385055 1.97497
15.6 0.386617 1.97842
15.65 0.388296 1.98844
15.7 0.39 1.99738
15.75 0.391768 1.9878
15.8 0.393513 2.00316
15.85 0.395306 2.00497
15.9 0.397212 2.02283
15.95 0.399095 2.01136
16 0.400823 2.03213
16.05 0.402592 2.05314
16.1 0.40447 2.07282
16.15 0.406424 2.08876
16.2 0.408172 2.10529
16.25 0.409968 2.11217
16.3 0.411783 2.11664
16.35 0.41367 2.13429
16.4 0.415367 2.15588
16.45 0.417252 2.1764
16.5 0.419104 2.19687
16.55 0.420911 2.21804
16.6 0.422842 2.23866
16.65 0.42476 2.25088
16.7 0.426518 2.27277
16.75 0.428502 2.29337
16.8 0.430612 2.31232
16.85 0.432498 2.33258
16.9 0.434469 2.35218
16.95 0.436558 2.3388
17 0.43875 2.34268
17.05 0.440679 2.32607
17.1 0.442674 2.32576
17.15 0.444761 2.31911
17.2 0.446785 2.30972
17.25 0.448886 2.30874
17.3 0.45104 2.31194
17.35 0.453256 2.32029
17.4 0.455463 2.32647
17.45 0.457711 2.3161
17.5 0.460025 2.28148
17.55 0.462256 2.27628
17.6 0.464195 2.27795
17.65 0.466085 2.28192
17.7 0.467915 2.28545
17.75 0.469635 2.28894
17.8 0.471342 2.27782
17.85 0.473111 2.26605
17.9 0.47483 2.25858
17.95 0.476527 2.24774
18 0.478375 2.24791
18.05 0.480245 2.24749
18.1 0.482141 2.24555
18.15 0.484008 2.22673
18.2 0.486012 2.23087
18.25 0.487884 2.19526
18.3 0.489822 2.19644
18.35 0.491673 2.21163
18.4 0.493566 2.21252
18.45 0.49539 2.22591
18.5 0.497509 2.23199
18.55 0.499308 2.25014
18.6 0.501298 2.26434
18.65 0.50329 2.27744
18.7 0.505217 2.28823
18.75 0.507188 2.30761
18.8 0.509115 2.31712
18.85 0.510979 2.32998
18.9 0.512978 2.34054
18.95 0.514988 2.35782
19 0.51696 2.37745
19.05 0.519055 2.39459
19.1 0.521254 2.41527
19.15 0.523396 2.39192
19.2 0.525494 2.39645
19.25 0.527723 2.412
19.3 0.529974 2.43293
19.35 0.532022 2.45454
19.4 0.534122 2.47555
19.45 0.536491 2.43065
19.5 0.539017 2.41169
19.55 0.541337 2.37648
19.6 0.543494 2.34556
19.65 0.545747 2.34148
19.7 0.547985 2.3256
19.75 0.550345 2.31286
19.8 0.553164 2.29874
19.85 0.555457 2.30682
19.9 0.557593 2.31296
19.95 0.559777 2.32055
20 0.562257 2.31068
20.05 0.564463 2.29577
20.1 0.566792 2.29724
20.15 0.5693 2.30548
20.2 0.571645 2.31301
20.25 0.573997 2.32104
20.3 0.576473 2.32843
20.35 0.579053 2.33199
20.4 0.581493 2.33195
20.45 0.583969 2.31932
20.5 0.586408 2.31612
20.55 0.588978 2.32416
20.6 0.591465 2.32749
20.65 0.594159 2.32238
20.7 0.596547 2.30315
20.75 0.598913 2.30143
20.8 0.601269 2.28961
20.85 0.603461 2.28917
20.9 0.605517 2.2845
20.95 0.607582 2.26385
21 0.609536 2.24774
21.05 0.611381 2.2514
21.1 0.613196 2.26608
21.15 0.614971 2.2856
21.2 0.616763 2.3039
21.25 0.618563 2.31355
21.3 0.620318 2.32138
21.35 0.622073 2.32681
21.4 0.623886 2.33322
21.45 0.625597 2.34293
21.5 0.627238 2.35703
21.55 0.629035 2.36519
21.6 0.630746 2.37869
21.65 0.632429 2.3965
21.7 0.634238 2.39795
21.75 0.636082 2.39921
21.8 0.637822 2.41105
21.85 0.639561 2.43174
21.9 0.641217 2.4526
21.95 0.642859 2.47329
22 0.644382 2.4959
22.0499 0.645989 2.48946
22.0999 0.647602 2.49141
22.1499 0.649112 2.49021
22.1999 0.650684 2.48197
22.2499 0.652219 2.45506
22.2999 0.653743 2.41606
22.3499 0.655176 2.40982
22.3999 0.656727 2.41117
22.4499 0.65838 2.4207
22.4999 0.660049 2.42347
22.5499 0.661594 2.43532
22.5999 0.663134 2.44802
22.6499 0.664575 2.44791
22.6999 0.665919 2.46807
22.7499 0.667337 2.48803
22.7999 0.668642 2.49232
22.8499 0.669947 2.49755
22.8999 0.671218 2.50637
22.9499 0.672538 2.49807
22.9999 0.674054 2.49049
23.0499 0.675481 2.49797
23.0999 0.676842 2.5151
23.1499 0.678253 2.53324
23.1999 0.679619 2.54334
23.2499 0.680938 2.55511
23.2999 0.682415 2.52681
23.3499 0.683712 2.52583
23.3999 0.684956 2.54487
23.4499 0.686183 2.57091
23.4999 0.687429 2.59695
23.5499 0.688636 2.62245
23.5999 0.690023 2.62283
23.6499 0.691037 2.65003
23.6999 0.692236 2.67354
23.7499 0.693462 2.69736
23.7999 0.694643 2.72413
23.8499 0.695777 2.7515
23.8999 0.696909 2.76986
23.9499 0.697909 2.79746
23.9999 0.698922 2.82657
24.0499 0.699908 2.85396
24.0999 0.700881 2.88131
24.1499 0.701801 2.88261
24.1999 0.702696 2.90193
24.2499 0.703537 2.89927
24.2999 0.704555 2.90283
24.3499 0.705487 2.92382
24.3999 0.706308 2.94086
24.4499 0.707085 2.9578
24.4999 0.707949 2.97883
24.5499 0.708799 2.99048
24.5999 0.709596 2.99815
24.6499 0.710449 3.01517
24.6999 0.711228 3.03298
24.7499 0.712036 3.06334
24.7999 0.712968 3.09256
24.8499 0.714583 3.09353
24.8999 0.715377 3.11802
24.9499 0.716113 3.1479
24.9999 0.716859 3.17827
25.0499 0.717568 3.18979
25.0999 0.718335 3.21666
25.1499 0.71906 3.24576
25.1999 0.719756 3.25962
25.2499 0.72045 3.27385
25.2999 0.721203 3.28783
25.3499 0.721901 3.30846
25.3999 0.722578 3.30734
25.4499 0.723252 3.31302
25.4999 0.723973 3.33644
25.5499 0.724772 3.34986
25.5999 0.725498 3.37105
25.6499 0.726199 3.38957
25.6999 0.726863 3.41173
25.7499 0.727531 3.43436
25.7999 0.728384 3.43503
25.8499 0.729101 3.43661
25.8999 0.729775 3.40814
25.9499 0.730409 3.39007
25.9999 0.731056 3.3905
26.0499 0.731689 3.41147
26.0999 0.732293 3.43495
26.1499 0.732906 3.45225
26.1999 0.733494 3.48182
26.2499 0.734067 3.51269
26.2999 0.734664 3.54166
26.3499 0.735298 3.57059
26.3999 0.735922 3.60252
26.4499 0.736517 3.62424
26.4999 0.737298 3.65283
26.5499 0.738002 3.67532
26.5999 0.738732 3.69768
26.6499 0.739553 3.71732
26.6999 0.740276 3.74685
26.7499 0.740946 3.77315
26.7999 0.741593 3.77806
26.8499 0.742205 3.80167
26.8999 0.742785 3.82527
26.9499 0.743343 3.85165
26.9999 0.743926 3.86338
27.0499 0.744492 3.88478
27.0999 0.745111 3.87809
27.1499 0.74567 3.88153
27.1999 0.74618 3.91024
27.2499 0.746769 3.92401
27.2999 0.747375 3.93853
27.3499 0.748002 3.9663
27.3999 0.748587 3.98317
27.4499 0.749344 4.00297
27.4999 0.750019 4.03226
27.5499 0.750584 4.04274
27.5999 0.751132 4.05327
27.6499 0.751614 4.08196
27.6999 0.75216 4.09778
27.7499 0.752591 4.10955
27.7999 0.753094 4.12646
27.8499 0.753565 4.14902
27.8999 0.754137 4.1078
27.9499 0.754543 4.13162
27.9999 0.755039 4.16252
28.0499 0.75553 4.19425
28.0999 0.755937 4.22556
28.1499 0.75641 4.25296
28.1999 0.756797 4.28596
28.2499 0.757172 4.31419
28.2999 0.757553 4.33612
28.3499 0.758085 4.35128
28.3999 0.758612 4.36831
28.4499 0.759058 4.38948
28.4999 0.759645 4.40998
28.5499 0.760147 4.41678
28.5998 0.760875 4.41328
28.6498 0.76137 4.43156
28.6998 0.762203 4.42092
28.7498 0.762558 4.37925
28.7998 0.763188 4.36914
28.8498 0.763699 4.37847
28.8998 0.764179 4.39505
28.9498 0.76486 4.4131
28.9998 0.765535 4.41367
29.0498 0.766136 4.41783
29.0998 0.766551 4.44948
29.1498 0.767018 4.48332
29.1998 0.76753 4.50692
29.2498 0.768038 4.5381
29.2998 0.768771 4.56769
29.3498 0.769528 4.59435
29.3998 0.770437 4.61662
29.4498 0.771184 4.63914
29.4998 0.771918 4.65843
29.5498 0.772642 4.6801
29.5998 0.773313 4.70234
29.6498 0.773801 4.72778
29.6998 0.774357 4.7531
29.7498 0.774857 4.78123
29.7998 0.775352 4.80058
29.8498 0.775793 4.81031
29.8998 0.776119 4.83951
29.9498 0.776507 4.8272
29.9998 0.7768 4.82884
30.0498 0.777088 4.85986
30.0998 0.777429 4.86045
30.1498 0.777836 4.86189
30.1998 0.778184 4.88355
30.2498 0.778765 4.86346
30.2998 0.779077 4.8833
30.3498 0.779539 4.88565
30.3998 0.779785 4.91668
30.4498 0.780411 4.92547
30.4998 0.780615 4.93998
30.5498 0.78311 4.33729
30.5998 0.783595 4.27242
30.6498 0.783987 4.20419
30.6998 0.784419 4.13226
30.7498 0.784812 4.06472
30.7998 0.785213 4.00583
30.8498 0.785605 3.95434
30.8998 0.785995 3.90863
30.9498 0.786417 3.87014
30.9998 0.786774 3.83451
31.0498 0.787115 3.80251
31.0998 0.787456 3.77067
31.1498 0.787749 3.74393
31.1998 0.788055 3.72438
31.2498 0.788356 3.70983
31.2998 0.788623 3.69836
31.3498 0.788887 3.68871
31.3998 0.789173 3.68074
31.4498 0.789465 3.67421
31.4998 0.789803 3.66751
31.5498 0.790071 3.6617
31.5998 0.790312 3.65686
31.6498 0.790559 3.65523
31.6998 0.790795 3.65247
31.7498 0.791041 3.64872
31.7998 0.791338 3.64589
31.8498 0.791584 3.64411
31.8998 0.791832 3.64116
31.9498 0.792128 3.63906
31.9998 0.792361 3.63859
32.0498 0.792647 3.63633
32.0998 0.792894 3.6368
32.1498 0.793155 3.6343
32.1998 0.793437 3.62896
32.2498 0.793662 3.62777
32.2998 0.793889 3.62392
32.3498 0.794131 3.61981
32.3998 0.794293 3.61556
32.4498 0.79448 3.61139
32.4998 0.794634 3.61006
32.5498 0.794758 3.60946
32.5998 0.794905 3.61068
32.6498 0.795039 3.6117
32.6998 0.795166 3.61337
32.7498 0.795302 3.61295
32.7998 0.795406 3.61573
32.8498 0.795544 3.61829
32.8998 0.795677 3.62007
32.9498 0.795779 3.62299
32.9998 0.795883 3.62803
33.0498 0.795969 3.63142
33.0998 0.796078 3.63476
33.1498 0.796261 3.63416
33.1998 0.796476 3.63209
33.2498 0.796687 3.62393
33.2998 0.796796 3.62358
33.3498 0.796876 3.62309
33.3998 0.796956 3.62693
33.4498 0.797025 3.63096
33.4998 0.797088 3.63604
33.5498 0.797146 3.64115
33.5998 0.797209 3.6474
33.6498 0.797263 3.65263
33.6998 0.79732 3.65897
33.7498 0.797386 3.66535
33.7998 0.797452 3.67106
33.8498 0.797508 3.67953
33.8998 0.797568 3.68654
33.9498 0.797639 3.66305
33.9998 0.797694 3.66983
34.0498 0.797749 3.67828
34.0998 0.797802 3.68662
34.1498 0.79786 3.69515
34.1998 0.797914 3.70434
34.2498 0.797968 3.71426
34.2998 0.798027 3.72332
34.3498 0.798087 3.73244
34.3998 0.79815 3.74075
34.4498 0.798217 3.74963
34.4998 0.798284 3.75943
34.5498 0.798346 3.76903
34.5998 0.798476 3.76034
34.6498 0.798541 3.76974
34.6998 0.798608 3.77915
34.7498 0.798684 3.78809
34.7998 0.798766 3.79728
34.8498 0.798857 3.80648
34.8998 0.798975 3.81561
34.9498 0.799083 3.82435
34.9998 0.799189 3.81421
35.0498 0.799294 3.82244
35.0998 0.79941 3.82684
35.1497 0.799477 3.83728
35.1997 0.79955 3.8384
35.2497 0.79963 3.83981
35.2997 0.799712 3.84619
35.3497 0.799795 3.85285
35.3997 0.7999 3.85883
35.4497 0.800066 3.86249
35.4997 0.800277 3.86749
35.5497 0.800534 3.87168
35.5997 0.800897 3.87455
35.6497 0.80103 3.87962
35.6997 0.801159 3.88676
35.7497 0.801273 3.89322
35.7997 0.801387 3.9012
35.8497 0.80149 3.90257
35.8997 0.801597 3.9103
35.9497 0.801689 3.91864
35.9997 0.801778 3.92768
36.0497 0.801894 3.93489
36.0997 0.801983 3.94389
36.1497 0.802081 3.95369
36.1997 0.802173 3.96384
36.2497 0.802291 3.97035
36.2997 0.802396 3.98011
36.3497 0.802487 3.99006
36.3997 0.802582 4.00103
36.4497 0.802693 4.01128
36.4997 0.802805 4.01586
36.5497 0.802924 4.02409
36.5997 0.803026 4.03549
36.6497 0.803164 4.04426
36.6997 0.803282 4.05389
36.7497 0.803383 4.06435
36.7997 0.803526 4.07315
36.8497 0.803661 4.08194
36.8997 0.803772 4.09328
36.9497 0.803882 4.1034
36.9997 0.803998 4.11326
37.0497 0.804105 4.12216
37.0997 0.804236 4.12602
37.1497 0.804353 4.12637
37.1997 0.804477 4.13437
37.2497 0.804593 4.14155
37.2997 0.804732 4.14883
37.3497 0.804854 4.15807
37.3997 0.804973 4.16584
37.4497 0.805125 4.17313
37.4997 0.805253 4.18115
37.5497 0.805386 4.17827
37.5997 0.805528 4.18448
37.6497 0.805675 4.19135
37.6997 0.805835 4.19542
37.7497 0.806013 4.19053
37.7997 0.806227 4.19295
37.8497 0.806367 4.19714
37.8997 0.806479 4.20465
37.9497 0.806582 4.2108
37.9997 0.806696 4.2183
38.0497 0.806803 4.22638
38.0997 0.806895 4.23359
38.1497 0.806999 4.24093
38.1997 0.807095 4.24934
38.2497 0.807205 4.2573
38.2997 0.80731 4.26487
38.3497 0.80741 4.26599
38.3997 0.807518 4.26227
38.4497 0.807631 4.26848
38.4997 0.807764 4.27652
38.5497 0.80788 4.28472
38.5997 0.80799 4.29239
38.6497 0.808124 4.29668
38.6997 0.808284 4.30264
38.7497 0.808408 4.30577
38.7997 0.808534 4.30805
38.8497 0.808708 4.31261
38.8997 0.808942 4.31429
38.9497 0.809169 4.31698
38.9997 0.809501 4.31754
39.0497 0.809708 4.3131
39.0997 0.809901 4.31546
39.1497 0.810096 4.31899
39.1997 0.810288 4.3247
39.2497 0.810471 4.32996
39.2997 0.810662 4.33514
39.3497 0.810858 4.34098
39.3997 0.811034 4.34494
39.4497 0.811215 4.35028
39.4997 0.811409 4.35503
39.5497 0.811582 4.3617
39.5997 0.811769 4.36413
39.6497 0.811956 4.34065
39.6997 0.812138 4.32987
39.7497 0.812352 4.33082
39.7997 0.812548 4.33389
39.8497 0.812729 4.33911
39.8997 0.812922 4.34245
39.9497 0.813112 4.34884
39.9997 0.813316 4.35425
40.0497 0.813513 4.35883
40.0997 0.813727 4.34762
40.1497 0.813974 4.35203
40.1997 0.814176 4.3565
40.2497 0.814387 4.36035
40.2997 0.815134 4.35211
40.3497 0.815407 4.35585
40.3997 0.815648 4.36358
40.4497 0.815861 4.37018
40.4997 0.816088 4.37779
40.5497 0.816291 4.38527
40.5997 0.816505 4.39168
40.6497 0.816727 4.39768
40.6997 0.816948 4.40113
40.7497 0.817186 4.40365
40.7997 0.817396 4.41187
40.8497 0.81759 4.41285
40.8997 0.817789 4.41617
40.9497 0.817995 4.40728
40.9997 0.818181 4.41029
41.0497 0.818392 4.41522
41.0997 0.81858 4.42333
41.1497 0.818766 4.43459
41.1997 0.818956 4.44446
41.2497 0.819145 4.45545
41.2997 0.819331 4.46282
41.3497 0.819513 4.46879
41.3997 0.819736 4.47908
41.4497 0.819943 4.48976
41.4997 0.820369 4.49879
41.5497 0.820523 4.50773
41.5997 0.820721 4.5106
41.6497 0.820866 4.51973
41.6996 0.821014 4.5308
41.7496 0.821172 4.54053
41.7996 0.821319 4.54994
41.8496 0.82146 4.56012
41.8996 0.821588 4.56968
41.9496 0.82171 4.57781
41.9996 0.821838 4.58633
42.0496 0.821977 4.59108
42.0996 0.822136 4.59395
42.1496 0.822487 4.57457
42.1996 0.822653 4.56165
42.2496 0.822781 4.55314
42.2996 0.822942 4.54261
42.3496 0.823071 4.54074
42.3996 0.823167 4.5428
42.4496 0.823255 4.54808
42.4996 0.823342 4.55424
42.5496 0.823424 4.55761
42.5996 0.823499 4.55812
42.6496 0.823582 4.56233
42.6996 0.823656 4.57204
42.7496 0.82378 4.57989
42.7996 0.823863 4.59031
42.8496 0.823945 4.59727
42.8996 0.824389 4.59432
42.9496 0.824485 4.59701
42.9996 0.824853 4.59775
43.0496 0.825031 4.6008
43.0996 0.825178 4.60382
43.1496 0.825289 4.60522
43.1996 0.82537 4.60825
43.2496 0.825421 4.61316
43.2996 0.825464 4.61558
43.3496 0.825525 4.62207
43.3996 0.82558 4.62119
43.4496 0.825623 4.62672
43.4996 0.825663 4.63694
43.5496 0.825745 4.64588
43.5996 0.82582 4.65701
43.6496 0.825906 4.66772
43.6996 0.826118 4.67834
43.7496 0.826388 4.68909
43.7996 0.826715 4.69786
43.8496 0.826967 4.70378
43.8996 0.827036 4.71075
43.9496 0.827086 4.71895
43.9996 0.827128 4.7289
44.0496 0.827169 4.73964
44.0996 0.827214 4.75228
44.1496 0.827257 4.76267
44.1996 0.82731 4.77712
44.2496 0.827357 4.79294
44.2996 0.827404 4.80832
44.3496 0.827461 4.82256
44.3996 0.827514 4.83824
44.4496 0.827596 4.85272
44.4996 0.827697 4.86547
44.5496 0.827807 4.88019
44.5996 0.827926 4.89444
44.6496 0.828059 4.90819
44.6996 0.828272 4.89281
44.7496 0.828466 4.89438
44.7996 0.828743 4.90002
44.8496 0.829009 4.91197
44.8996 0.829181 4.92398
44.9496 0.829364 4.9361
44.9996 0.829509 4.951
45.0496 0.829683 4.96609
45.0996 0.829874 4.97959
45.1496 0.830027 4.99379
45.1996 0.830175 5.0084
45.2496 0.830324 5.02347
45.2996 0.830462 5.03362
45.3496 0.830599 5.04778
45.3996 0.830733 5.05484
45.4496 0.830845 5.06741
45.4996 0.830958 5.07977
45.5496 0.831068 5.09539
45.5996 0.831158 5.10985
45.6496 0.831515 5.09207
45.6996 0.831616 5.09991
45.7496 0.831701 5.11246
45.7996 0.831803 5.10553
45.8496 0.831886 5.10187
45.8996 0.83197 5.10125
45.9496 0.83206 5.09218
45.9996 0.832151 5.09025
46.0496 0.832237 5.09536
46.0996 0.832319 5.10793
46.1496 0.832404 5.12256
46.1996 0.832494 5.1371
46.2496 0.832574 5.15177
46.2996 0.832656 5.1684
46.3496 0.832731 5.18584
46.3996 0.832806 5.20433
46.4496 0.832883 5.22215
46.4996 0.83297 5.24005
46.5496 0.83304 5.25866
46.5996 0.833138 5.27655
46.6496 0.833197 5.29223
46.6996 0.833256 5.30265
46.7496 0.833311 5.32018
46.7996 0.833394 5.33625
46.8496 0.83346 5.34576
46.8996 0.833534 5.36176
46.9496 0.83362 5.37396
46.9996 0.8337 5.3901
47.0496 0.83378 5.39751
47.0996 0.833864 5.418
47.1496 0.833924 5.43988
47.1996 0.834097 5.43681
47.2496 0.834157 5.4549
47.2996 0.834242 5.4767
47.3496 0.834299 5.49812
47.3996 0.834392 5.5199
47.4496 0.834505 5.54112
47.4996 0.834578 5.56293
47.5496 0.834682 5.58377
47.5996 0.834751 5.60475
47.6496 0.834821 5.61875
47.6996 0.834876 5.62865
47.7496 0.834932 5.65047
47.7996 0.83544 5.22946
47.8496 0.835526 5.19839
47.8996 0.835635 5.17184
47.9496 0.835755 5.14225
47.9996 0.835892 5.11128
48.0496 0.836033 5.08287
48.0996 0.836163 5.05703
48.1496 0.836274 5.03698
48.1996 0.836382 5.02024
48.2495 0.83648 5.0074
48.2995 0.836568 4.99667
48.3495 0.836659 4.98946
48.3995 0.836737 4.98491
48.4495 0.836802 4.98219
48.4995 0.836868 4.97975
48.5495 0.836923 4.97662
48.5995 0.836978 4.97884
48.6495 0.837026 4.98211
48.6995 0.837066 4.98535
48.7495 0.837109 4.98933
48.7995 0.837149 4.99483
48.8495 0.837186 5.00054
48.8995 0.837224 5.00747
48.9495 0.837266 5.01433
48.9995 0.837304 5.02018
49.0495 0.837337 5.02797
49.0995 0.837375 5.03473
49.1495 0.837409 5.04195
49.1995 0.837444 5.04926
49.2495 0.837477 5.05649
49.2995 0.837507 5.06517
49.3495 0.837542 5.0725
49.3995 0.837575 5.08012
49.4495 0.837608 5.08878
49.4995 0.837637 5.09718
49.5495 0.837669 5.10613
49.5995 0.837699 5.11515
49.6495 0.837729 5.12345
49.6995 0.837758 5.13266
49.7495 0.83779 5.14249
49.7995 0.837814 5.15291
49.8495 0.837841 5.16294
49.8995 0.837865 5.17287
49.9495 0.837892 5.18295
49.9995 0.83798 5.19131
50.0495 0.838077 5.19943
50.0995 0.8381 5.20756
50.1495 0.838126 5.21659
50.1995 0.83815 5.22419
50.2495 0.83817 5.23222
50.2995 0.838192 5.24048
50.3495 0.838215 5.24818
50.3995 0.838237 5.25495
50.4495 0.83826 5.2632
50.4995 0.838287 5.27096
50.5495 0.838312 5.28014
50.5995 0.838333 5.28989
50.6495 0.838361 5.29925
50.6995 0.838385 5.31071
50.7495 0.838406 5.32165
50.7995 0.838441 5.33168
50.8495 0.838468 5.34309
50.8995 0.838487 5.35459
50.9495 0.838506 5.36666
50.9995 0.838526 5.37923
51.0495 0.838548 5.39093
51.0995 0.838569 5.40419
51.1495 0.838582 5.41798
51.1995 0.838599 5.43178
51.2495 0.838615 5.44685
51.2995 0.838631 5.46206
51.3495 0.838645 5.47775
51.3995 0.838656 5.49342
51.4495 0.838669 5.50963
51.4995 0.838679 5.52604
51.5495 0.838691 5.54111
51.5995 0.838703 5.55662
51.6495 0.838715 5.57322
51.6995 0.83873 5.58937
51.7495 0.838742 5.60698
51.7995 0.838751 5.62474
51.8495 0.83876 5.64295
51.8995 0.83877 5.66111
51.9495 0.838782 5.679
51.9995 0.83879 5.6965
52.0495 0.838802 5.71455
52.0995 0.838811 5.73392
52.1495 0.838819 5.75309
52.1995 0.838828 5.77245
52.2495 0.838838 5.79073
52.2995 0.838846 5.80957
52.3495 0.838857 5.83001
52.3995 0.838866 5.85113
52.4495 0.838877 5.87016
52.4995 0.838894 5.88504
52.5495 0.838902 5.90146
52.5995 0.838915 5.91783
52.6495 0.838931 5.9373
52.6995 0.838945 5.95699
52.7495 0.838956 5.97583
52.7995 0.838963 5.99456
52.8495 0.838973 6.01252
52.8995 0.838981 6.03275
52.9495 0.83899 6.054
52.9995 0.838997 6.07376
53.0495 0.839004 6.09383
53.0995 0.839014 6.11356
53.1495 0.839022 6.1349
53.1995 0.839029 6.15472
53.2495 0.839037 6.17587
53.2995 0.839042 6.19416
53.3495 0.839049 6.215
53.3995 0.839055 6.23435
53.4495 0.839063 6.25329
53.4995 0.839073 6.27208
53.5495 0.839079 6.28919
53.5995 0.839358 6.29448
53.6495 0.839377 6.30927
53.6995 0.839391 6.32729
53.7495 0.839408 6.34536
53.7995 0.83942 6.36426
53.8495 0.839435 6.38397
53.8995 0.839449 6.40451
53.9495 0.83946 6.42525
53.9995 0.839476 6.44587
54.0495 0.83949 6.46555
54.0995 0.839512 6.48546
54.1495 0.83953 6.50601
54.1995 0.839548 6.52648
54.2495 0.839578 6.54716
54.2995 0.8396 6.56863
54.3495 0.839626 6.58927
54.3995 0.839651 6.61104
54.4495 0.839676 6.63238
54.4995 0.839702 6.65512
54.5495 0.839735 6.67606
54.5995 0.839764 6.6989
54.6495 0.839793 6.72064
54.6995 0.839824 6.74298
54.7495 0.839851 6.76411
54.7994 0.839885 6.78514
54.8494 0.839912 6.8002
54.8994 0.839947 6.82136
54.9494 0.839982 6.8441
54.9994 0.840016 6.86712
55.0494 0.840048 6.89155
55.0994 0.840082 6.91573
55.1494 0.840112 6.94001
55.1994 0.840149 6.96379
55.2494 0.84018 6.98853
55.2994 0.840213 7.01204
55.3494 0.840247 7.03603
55.3994 0.840287 7.05804
55.4494 0.840326 7.08083
55.4994 0.840363 7.10462
55.5494 0.8404 7.12876
55.5994 0.840442 7.15329
55.6494 0.840484 7.17703
55.6994 0.840524 7.20128
55.7494 0.840564 7.22598
55.7994 0.840607 7.2507
55.8494 0.84065 7.27417
55.8994 0.840692 7.29855
55.9494 0.840738 7.32305
55.9994 0.840782 7.34708
56.0494 0.840831 7.37074
56.0994 0.840886 7.38092
56.1494 0.840979 7.39906
56.1994 0.84103 7.4227
56.2494 0.841087 7.44625
56.2994 0.841137 7.47086
56.3494 0.841192 7.49507
56.3994 0.841244 7.51968
56.4494 0.841297 7.54386
56.4994 0.841357 7.56853
56.5494 0.841413 7.59304
56.5994 0.841466 7.61775
56.6494 0.841526 7.64133
56.6994 0.841581 7.66353
56.7494 0.841633 7.68691
56.7994 0.841691 7.71143
56.8494 0.841739 7.73542
56.8994 0.841791 7.75829
56.9494 0.841848 7.78257
56.9994 0.841895 7.80561
57.0494 0.841943 7.82946
57.0994 0.841998 7.85216
57.1494 0.842045 7.87623
57.1994 0.842095 7.90067
57.2494 0.842255 7.92287
57.2994 0.842332 7.94634
57.3494 0.842504 7.96582
57.3994 0.842549 7.98171
57.4494 0.842587 8.00516
57.4994 0.84262 8.02847
57.5494 0.842653 8.05171
57.5994 0.842687 8.07601
57.6494 0.842716 8.10077
57.6994 0.842745 8.1258
57.7494 0.842769 8.14863
57.7994 0.842793 8.17065
57.8494 0.842813 8.19279
57.8994 0.842828 8.21523
57.9494 0.842843 8.2354
57.9994 0.842857 8.25821
58.0494 0.842868 8.27843
58.0994 0.842877 8.29815
58.1494 0.842883 8.31727
58.1994 0.842886 8.33699
58.2494 0.842889 8.35888
58.2994 0.842892 8.37913
58.3494 0.842895 8.39885
58.3994 0.842897 8.41895
58.4494 0.842899 8.44029
58.4994 0.842902 8.46012
58.5494 0.842903 8.48023
58.5994 0.842905 8.49892
58.6494 0.84309 8.50211
58.6994 0.843192 8.51727
58.7494 0.8432 8.53749
58.7994 0.8432 8.5577
58.8494 0.843203 8.57893
58.8994 0.843212 8.59896
58.9494 0.843212 8.61716
58.9994 0.843226 8.63437
59.0494 0.843227 8.65132
59.0994 0.84324 8.668
59.1494 0.843242 8.68652
59.1994 0.843243 8.70575
59.2494 0.843245 8.72592
59.2994 0.843252 8.74277
59.3494 0.843254 8.76558
59.3994 0.843256 8.78874
59.4494 0.843265 8.80973
59.4994 0.843277 8.83132
59.5494 0.843299 8.85292
59.5994 0.843325 8.87492
59.6494 0.843361 8.89561
59.6994 0.843396 8.91683
59.7494 0.843455 8.93547
59.7994 0.84353 8.95449
59.8494 0.84359 8.9743
59.8994 0.843676 8.99426
59.9494 0.843683 9.00766
59.9994 0.843686 9.02331
60.0494 0.843688 9.04421
60.0994 0.843701 9.06522
60.1494 0.843706 9.08527
60.1994 0.843709 9.10371
60.2494 0.843715 9.12288
60.2994 0.843718 9.14257
60.3494 0.843721 9.1631
60.3994 0.843724 9.18146
60.4494 0.843726 9.20125
60.4994 0.843729 9.21931
60.5494 0.843731 9.23485
60.5994 0.843733 9.2495
60.6494 0.843735 9.26302
60.6994 0.843736 9.26689
60.7494 0.843739 9.27914
60.7994 0.84374 9.29533
60.8494 0.843743 9.31068
60.8994 0.843745 9.32495
60.9494 0.843748 9.34139
60.9994 0.843749 9.35719
61.0494 0.843752 9.3716
61.0994 0.843755 9.3838
61.1494 0.843757 9.38771
61.1994 0.843819 9.39666
61.2494 0.843862 9.40754
61.2994 0.843924 9.41553
61.3493 0.843956 9.42683
61.3993 0.843965 9.43689
61.4493 0.843968 9.44907
61.4993 0.84397 9.45711
61.5493 0.843979 9.46751
61.5993 0.844036 9.47731
61.6493 0.844042 9.49254
61.6993 0.844046 9.50704
