time pknown ts
0 0 -nan
0.05 0 -nan
0.1 0.0131758 0
0.15 0.0163699 0.0100471
0.2 0.0229484 0.0313069
0.25 0.027743 0.0507832
0.3 0.0319613 0.0675603
0.35 0.0355154 0.0840964
0.4 0.0384693 0.0998898
0.45 0.0410001 0.113115
0.5 0.0435821 0.122458
0.55 0.0458492 0.133729
0.6 0.0476786 0.145636
0.65 0.049234 0.159119
0.7 0.050659 0.173637
0.75 0.0517901 0.189207
0.8 0.0527617 0.2043
0.85 0.0535994 0.219435
0.9 0.0544039 0.234682
0.95 0.0551335 0.250365
1 0.0558366 0.266475
1.05 0.0564116 0.283711
1.1 0.056953 0.301965
1.15 0.0576064 0.315555
1.2 0.0582169 0.329303
1.25 0.0588111 0.342365
1.3 0.0594451 0.352773
1.35 0.0600558 0.363275
1.4 0.0606733 0.371974
1.45 0.0613267 0.380203
1.5 0.0619519 0.389025
1.55 0.0625815 0.399429
1.6 0.0631694 0.410881
1.65 0.0636535 0.42717
1.7 0.0640908 0.444527
1.75 0.0645014 0.46217
1.8 0.064843 0.480828
1.85 0.0651554 0.500006
1.9 0.0654404 0.518259
1.95 0.0656766 0.536878
2 0.0659062 0.553515
2.05 0.0661241 0.566824
2.1 0.0663773 0.578266
2.15 0.0666414 0.58906
2.2 0.0669055 0.602022
2.25 0.0671868 0.614058
2.3 0.0674645 0.625892
2.35 0.0677608 0.637434
2.4 0.068041 0.650135
2.45 0.0683954 0.647245
2.5 0.0686963 0.655079
2.55 0.0689706 0.663451
2.6 0.0692042 0.672448
2.65 0.069449 0.682206
2.7 0.069704 0.689475
2.75 0.0699511 0.696232
2.8 0.0702105 0.703363
2.85 0.0704973 0.708853
2.9 0.0707625 0.710908
2.95 0.0710431 0.711162
3 0.0713226 0.71137
3.05 0.0715863 0.711476
3.1 0.0718671 0.709816
3.15 0.0721473 0.708246
3.2 0.0724019 0.710262
3.25 0.0726963 0.698963
3.3 0.0729274 0.695976
3.35 0.0732019 0.68762
3.4 0.0734646 0.679865
3.45 0.0737704 0.669189
3.5 0.0740251 0.663928
3.55 0.0742987 0.658329
3.6 0.0745927 0.651886
3.65 0.0748799 0.650835
3.7 0.0751555 0.65228
3.75 0.075481 0.64967
3.8 0.0757636 0.652461
3.85 0.0760725 0.652299
3.9 0.0763462 0.658054
3.95 0.0766978 0.656745
4 0.0770254 0.657513
4.05 0.0773585 0.659005
4.1 0.0777166 0.663074
4.15 0.078098 0.665273
4.2 0.0784961 0.663283
4.25 0.0789602 0.657764
4.3 0.0794477 0.649079
4.35 0.0799291 0.641109
4.4 0.0804664 0.633035
4.45 0.0809624 0.62897
4.5 0.0814767 0.624875
4.55 0.0820385 0.618812
4.6 0.0826672 0.608257
4.65 0.0832917 0.59846
4.7 0.0839175 0.590951
4.75 0.0845767 0.582545
4.8 0.085223 0.574144
4.85 0.0859036 0.567201
4.9 0.0866083 0.559468
4.95 0.0873142 0.555883
5 0.0880539 0.554247
5.05 0.0887935 0.553333
5.1 0.0895541 0.551731
5.15 0.0903646 0.549231
5.2 0.0911636 0.547397
5.25 0.0919986 0.545564
5.3 0.0928373 0.543491
5.35 0.0937108 0.541234
5.4 0.0946011 0.538992
5.45 0.0955189 0.537122
5.5 0.096442 0.534712
5.55 0.0973708 0.532384
5.6 0.0983355 0.530036
5.65 0.099296 0.527125
5.7 0.100285 0.523776
5.75 0.101269 0.51967
5.8 0.102264 0.515339
5.85 0.103253 0.512089
5.9 0.104259 0.507175
5.95 0.105254 0.503521
6 0.106271 0.495677
6.05 0.107285 0.494414
6.10001 0.108306 0.492821
6.15001 0.109322 0.492545
6.20001 0.110344 0.492271
6.25001 0.111366 0.486975
6.30001 0.112397 0.487811
6.35001 0.113436 0.488347
6.40001 0.114481 0.489145
6.45001 0.115511 0.48967
6.50001 0.116555 0.48992
6.55001 0.117613 0.49034
6.60001 0.118654 0.49047
6.65001 0.119697 0.48994
6.70001 0.120739 0.489258
6.75001 0.121769 0.495911
6.80001 0.1228 0.503074
6.85001 0.123824 0.510748
6.90001 0.124847 0.518621
6.95001 0.125869 0.526675
7.00001 0.126885 0.535598
7.05001 0.127881 0.545034
7.10001 0.128878 0.554886
7.15001 0.12988 0.564835
7.20001 0.130888 0.575327
7.25001 0.131877 0.585902
7.30001 0.132865 0.597045
7.35001 0.133863 0.60835
7.40001 0.134839 0.620012
7.45001 0.135816 0.632105
7.50001 0.136776 0.644394
7.55001 0.13775 0.65688
7.60001 0.138706 0.669969
7.65001 0.139668 0.682879
7.70001 0.140616 0.695984
7.75001 0.141578 0.709643
7.80001 0.142529 0.723231
7.85001 0.143493 0.736935
7.90001 0.144426 0.751079
7.95001 0.145371 0.765007
8.00001 0.146309 0.77907
8.05001 0.147243 0.789609
8.10001 0.148188 0.790602
8.15001 0.149135 0.782747
8.20001 0.150073 0.773465
8.25001 0.151011 0.764925
8.30001 0.151941 0.758139
8.35001 0.152874 0.752361
8.40001 0.153786 0.749532
8.45001 0.154697 0.748269
8.50001 0.155576 0.748821
8.55001 0.156442 0.752003
8.60001 0.157282 0.756537
8.65001 0.158085 0.762387
8.70002 0.158855 0.769563
8.75002 0.15961 0.777759
8.80002 0.160318 0.787629
8.85002 0.160994 0.799128
8.90002 0.16162 0.811718
8.95002 0.162213 0.82418
9.00002 0.162762 0.836821
9.05002 0.163276 0.849843
9.10002 0.163749 0.863169
9.15002 0.164166 0.878567
9.20002 0.164531 0.897155
9.25002 0.164873 0.916197
9.30002 0.165204 0.937351
9.35002 0.165481 0.963699
9.40002 0.165722 0.990799
9.45002 0.165938 1.01835
9.50002 0.166125 1.0474
9.55002 0.16629 1.07775
9.60002 0.166441 1.10873
9.65002 0.166574 1.14016
9.70002 0.166691 1.17212
9.75002 0.166799 1.20462
9.80002 0.166895 1.23754
9.85002 0.166981 1.27094
9.90002 0.167064 1.30479
9.95002 0.167153 1.3388
10 0.167233 1.37318
10.05 0.167309 1.408
10.1 0.167385 1.44324
10.15 0.167456 1.47889
10.2 0.167527 1.51472
10.25 0.167591 1.55085
10.3 0.167649 1.58717
10.35 0.167705 1.60034
10.4 0.167749 1.63338
10.45 0.167784 1.66684
10.5 0.167818 1.69904
10.55 0.167846 1.72993
10.6 0.167873 1.74657
10.65 0.167898 1.75259
10.7 0.167922 1.75213
10.75 0.167948 1.75275
10.8 0.167979 1.75557
10.85 0.168021 1.76172
10.9 0.168064 1.76714
10.95 0.168107 1.77221
11 0.168148 1.77905
11.05 0.168193 1.7888
11.1 0.16824 1.80128
11.15 0.168283 1.81623
11.2 0.168451 1.79845
11.25 0.168534 1.80758
11.3 0.168613 1.81909
11.35 0.169016 1.80005
11.4 0.169204 1.80584
11.45 0.169395 1.81427
11.5 0.169602 1.82294
11.55 0.170042 1.82159
11.6 0.170582 1.79818
11.65 0.170953 1.7988
11.7 0.171269 1.80644
11.75 0.171723 1.79315
11.8 0.172091 1.79681
11.85 0.172504 1.78804
11.9 0.172837 1.79931
11.95 0.173703 1.71386
12 0.174161 1.70985
12.05 0.174662 1.70004
12.1 0.175217 1.68945
12.15 0.175773 1.68174
12.2 0.176277 1.65378
12.25 0.176826 1.64745
12.3 0.177297 1.64756
12.35 0.17774 1.64889
12.4 0.178195 1.65112
12.45 0.178629 1.65296
12.5 0.179106 1.65503
12.55 0.179926 1.62955
12.6 0.180432 1.632
12.65 0.18098 1.61764
12.7 0.181543 1.61439
12.75 0.182075 1.61585
12.8 0.18259 1.61989
12.85 0.183161 1.60206
12.9 0.183686 1.6058
12.95 0.184207 1.60021
13 0.184736 1.60477
13.05 0.185269 1.61167
13.1 0.185736 1.62191
13.15 0.186264 1.61565
13.2 0.186819 1.59643
13.25 0.187393 1.57641
13.3 0.187942 1.55163
13.35 0.188477 1.52989
13.4 0.189031 1.51068
13.45 0.189586 1.4952
13.5 0.19014 1.48136
13.55 0.190616 1.47117
13.6 0.191115 1.46478
13.65 0.191663 1.44216
13.7 0.192202 1.43632
13.75 0.192683 1.43202
13.8 0.193206 1.43034
13.85 0.193758 1.42979
13.9 0.194292 1.43044
13.95 0.194762 1.43088
14 0.195219 1.43495
14.05 0.195691 1.43471
14.1 0.196118 1.4408
14.15 0.196591 1.44387
14.2 0.197059 1.44892
14.25 0.197515 1.45625
14.3 0.197991 1.46562
14.35 0.198465 1.47701
14.4 0.198908 1.49684
14.45 0.19934 1.51732
14.5 0.19978 1.53738
14.55 0.200214 1.54895
14.6 0.200646 1.56798
14.65 0.201092 1.57179
14.7 0.201542 1.58966
14.75 0.202007 1.60585
14.8 0.202486 1.62054
14.85 0.202993 1.63523
14.9 0.203466 1.65079
14.95 0.203948 1.66579
15 0.20443 1.68117
15.05 0.204914 1.6965
15.1 0.205412 1.71077
15.15 0.20596 1.72132
15.2 0.206473 1.73605
15.25 0.207013 1.75138
15.3 0.207535 1.76733
15.35 0.208086 1.77556
15.4 0.208642 1.78518
15.45 0.209188 1.79806
15.5 0.209706 1.80871
15.55 0.21024 1.81953
15.6 0.210754 1.83535
15.65 0.211257 1.83892
15.7 0.21174 1.85461
15.75 0.212214 1.87344
15.8 0.212715 1.84049
15.85 0.213198 1.85095
15.9 0.213671 1.86103
15.95 0.214158 1.85609
16 0.214645 1.86257
16.05 0.215143 1.86782
16.1 0.215647 1.87389
16.15 0.216162 1.88025
16.2 0.216668 1.88728
16.25 0.217202 1.89569
16.3 0.217781 1.90883
16.35 0.218387 1.92376
16.4 0.219021 1.93828
16.45 0.219646 1.94634
16.5 0.220261 1.96154
16.55 0.220907 1.97727
16.6 0.221387 1.99634
16.65 0.221909 1.98332
16.7 0.222399 1.99463
16.75 0.222912 2.00419
16.8 0.223425 2.01461
16.85 0.223941 2.02406
16.9 0.224458 2.03582
16.95 0.22496 2.04702
17 0.225484 2.05765
17.05 0.226 2.07671
17.1 0.226507 2.09649
17.15 0.227027 2.11634
17.2 0.227574 2.13575
17.25 0.228085 2.15571
17.3 0.228619 2.17448
17.35 0.229141 2.19174
17.4 0.230575 2.19289
17.45 0.231298 2.18691
17.5 0.232027 2.19805
17.55 0.232767 2.20905
17.6 0.233511 2.21573
17.65 0.234203 2.22273
17.7 0.234876 2.23635
17.75 0.235568 2.24937
17.8 0.236272 2.26346
17.85 0.236915 2.27853
17.9 0.237576 2.29377
17.95 0.238255 2.30321
18 0.238908 2.30285
18.05 0.240007 2.30597
18.1 0.240776 2.31867
18.15 0.241651 2.33046
18.2 0.242554 2.34146
18.25 0.243338 2.35422
18.3 0.244103 2.36796
18.35 0.244831 2.38399
18.4 0.245545 2.40096
18.45 0.246241 2.41883
18.5 0.246896 2.43746
18.55 0.247584 2.4563
18.6 0.24825 2.46413
18.65 0.248937 2.48119
18.7 0.249615 2.49808
18.75 0.251076 2.49848
18.8 0.251957 2.51379
18.85 0.252846 2.52851
18.9 0.253765 2.54484
18.95 0.254608 2.56057
19 0.255452 2.56989
19.05 0.256267 2.58242
19.1 0.257037 2.60039
19.15 0.257748 2.6199
19.2 0.258479 2.63685
19.25 0.259188 2.65351
19.3 0.259906 2.67049
19.35 0.260635 2.68429
19.4 0.261311 2.6995
19.45 0.262038 2.71437
19.5 0.262723 2.73386
19.55 0.263485 2.74795
19.6 0.264202 2.75769
19.65 0.264932 2.76588
19.7 0.265699 2.78295
19.75 0.26638 2.80307
19.8 0.267231 2.81928
19.85 0.268131 2.83474
19.9 0.269056 2.85176
19.95 0.269802 2.83938
20 0.27066 2.85131
20.05 0.271432 2.87032
20.1 0.272179 2.89082
20.15 0.273223 2.90249
20.2 0.27396 2.92389
20.25 0.274752 2.94569
20.3 0.275499 2.96876
20.35 0.276265 2.99176
20.4 0.277066 3.01421
20.45 0.277843 3.02954
20.5 0.278625 3.04194
20.55 0.279372 3.05841
20.6 0.280181 3.07989
20.65 0.280948 3.10462
20.7 0.281736 3.1288
20.75 0.282545 3.15323
20.8 0.283457 3.17588
20.85 0.28435 3.1987
20.9 0.285244 3.22111
20.95 0.28612 3.24507
21 0.287018 3.26874
21.05 0.287869 3.29018
21.1 0.28874 3.31338
21.15 0.28966 3.31371
21.2 0.29051 3.33436
21.25 0.291545 3.35189
21.3 0.292259 3.37546
21.35 0.292925 3.399
21.4 0.294239 3.31012
21.45 0.295209 3.30656
21.5 0.296268 3.29971
21.55 0.297411 3.29204
21.6 0.298783 3.28136
21.65 0.299833 3.28469
21.7 0.300837 3.28818
21.75 0.301753 3.29832
21.8 0.302658 3.31013
21.85 0.303529 3.32318
21.9 0.304438 3.33684
21.95 0.305322 3.35169
22 0.306245 3.3658
22.0499 0.307193 3.38034
22.0999 0.308285 3.39366
22.1499 0.309231 3.40973
22.1999 0.310275 3.42555
22.2499 0.311157 3.44395
22.2999 0.312124 3.4608
22.3499 0.313063 3.47868
22.3999 0.313937 3.49781
22.4499 0.314812 3.51021
22.4999 0.315753 3.52158
22.5499 0.316767 3.53812
22.5999 0.31772 3.5573
22.6499 0.318633 3.57817
22.6999 0.319611 3.598
22.7499 0.320655 3.61738
22.7999 0.321536 3.63946
22.8499 0.322354 3.6625
22.8999 0.323281 3.68454
22.9499 0.324286 3.70548
22.9999 0.325182 3.7278
23.0499 0.32675 3.74084
23.0999 0.328068 3.75776
23.1499 0.329169 3.77935
23.1999 0.330322 3.80045
23.2499 0.331446 3.82125
23.2999 0.332466 3.83406
23.3499 0.333531 3.85011
23.3999 0.334466 3.8744
23.4499 0.335488 3.8979
23.4999 0.336745 3.918
23.5499 0.337992 3.93907
23.5999 0.339299 3.95515
23.6499 0.340445 3.97606
23.6999 0.341657 3.96643
23.7499 0.342893 3.98522
23.7999 0.343975 4.00569
23.8499 0.345066 4.02475
23.8999 0.346012 4.04446
23.9499 0.346913 4.06471
23.9999 0.347791 4.08569
24.0499 0.348742 4.10314
24.0999 0.349558 4.12484
24.1499 0.350396 4.14739
24.1999 0.351244 4.17005
24.2499 0.352124 4.19134
24.2999 0.352931 4.21529
24.3499 0.353787 4.14101
24.3999 0.354667 4.15545
24.4499 0.355493 4.17099
24.4999 0.356342 4.18299
24.5499 0.357208 4.18835
24.5999 0.358002 4.16079
24.6499 0.358918 4.16594
24.6999 0.359739 4.17585
24.7499 0.360588 4.18753
24.7999 0.361881 4.18908
24.8499 0.363035 4.17316
24.8999 0.363933 4.18514
24.9499 0.364845 4.19884
24.9999 0.365805 4.21277
25.0499 0.36742 4.21774
25.0999 0.368468 4.23148
25.1499 0.369549 4.24357
25.1999 0.370753 4.25607
25.2499 0.371995 4.26894
25.2999 0.373237 4.27678
25.3499 0.374442 4.28381
25.3999 0.37558 4.29981
25.4499 0.376752 4.31519
25.4999 0.377858 4.33273
25.5499 0.378916 4.35113
25.5999 0.38002 4.36946
25.6499 0.381117 4.38767
25.6999 0.382155 4.40792
25.7499 0.383151 4.4284
25.7999 0.384674 4.43242
25.8499 0.387177 4.43152
25.8999 0.388557 4.44834
25.9499 0.389804 4.46741
25.9999 0.390992 4.48667
26.0499 0.392455 4.50117
26.0999 0.393844 4.51814
26.1499 0.395285 4.52737
26.1999 0.396786 4.53804
26.2499 0.398439 4.50798
26.2999 0.400281 4.51132
26.3499 0.401691 4.52112
26.3999 0.403067 4.49773
26.4499 0.404343 4.50622
26.4999 0.405558 4.52015
26.5499 0.406947 4.50008
26.5999 0.407977 4.51401
26.6499 0.408971 4.53042
26.6999 0.41001 4.5459
26.7499 0.410922 4.56211
26.7999 0.412288 4.57014
26.8499 0.413132 4.58596
26.8999 0.413968 4.60156
26.9499 0.414726 4.61858
26.9999 0.415451 4.59123
27.0499 0.416399 4.60245
27.0999 0.417267 4.56992
27.1499 0.417921 4.57385
27.1999 0.418548 4.58264
27.2499 0.419155 4.59299
27.2999 0.419917 4.60324
27.3499 0.420535 4.6165
27.3999 0.421129 4.63007
27.4499 0.421732 4.64557
27.4999 0.422457 4.66051
27.5499 0.424037 4.61576
27.5999 0.424851 4.62449
27.6499 0.425794 4.63512
27.6999 0.426548 4.6473
27.7499 0.427818 4.6163
27.7999 0.428879 4.62056
27.8499 0.429845 4.62527
27.8999 0.430754 4.63219
27.9499 0.431655 4.63959
27.9999 0.432619 4.64721
28.0499 0.43359 4.62331
28.0999 0.434441 4.62885
28.1499 0.43529 4.63073
28.1999 0.436213 4.63672
28.2499 0.437044 4.64889
28.2999 0.43784 4.66253
28.3499 0.438682 4.67646
28.3999 0.439495 4.69201
28.4499 0.440238 4.70891
28.4999 0.441023 4.72557
28.5499 0.442373 4.72509
28.5998 0.443205 4.74351
28.6498 0.444013 4.76105
28.6998 0.444863 4.77939
28.7498 0.445681 4.798
28.7998 0.44653 4.81546
28.8498 0.447432 4.83275
28.8998 0.448309 4.85012
28.9498 0.449185 4.8669
28.9998 0.450104 4.88177
29.0498 0.451048 4.88605
29.0998 0.452015 4.8731
29.1498 0.452931 4.88441
29.1998 0.453854 4.90292
29.2498 0.454798 4.92245
29.2998 0.455791 4.94097
29.3498 0.45663 4.9597
29.3998 0.457497 4.97573
29.4498 0.458288 4.99321
29.4998 0.459084 5.01025
29.5498 0.459873 5.02792
29.5998 0.460675 5.04593
29.6498 0.461437 5.06526
29.6998 0.462189 5.08569
29.7498 0.462955 5.10703
29.7998 0.463724 5.12812
29.8498 0.464477 5.14106
29.8998 0.465215 5.16548
29.9498 0.465937 5.18994
29.9998 0.46663 5.21478
30.0498 0.467355 5.2381
30.0998 0.468063 5.24697
30.1498 0.468752 5.27275
30.1998 0.469401 5.30103
30.2498 0.470059 5.3278
30.2998 0.470729 5.35593
30.3498 0.471369 5.38407
30.3998 0.471994 5.40047
30.4498 0.472609 5.42567
30.4998 0.473251 5.45245
30.5498 0.473896 5.48025
30.5998 0.474491 5.48458
30.6498 0.475127 5.50595
30.6998 0.476104 5.52149
30.7498 0.476701 5.54403
30.7998 0.477311 5.56581
30.8498 0.477962 5.58794
30.8998 0.47857 5.6117
30.9498 0.479272 5.59243
30.9998 0.479876 5.61
31.0498 0.48047 5.62727
31.0998 0.481052 5.64544
31.1498 0.481654 5.66498
31.1998 0.482217 5.68502
31.2498 0.482793 5.7042
31.2998 0.483415 5.724
31.3498 0.484014 5.74494
31.3998 0.484655 5.76578
31.4498 0.485245 5.78839
31.4998 0.485882 5.81067
31.5498 0.486272 5.83434
31.5998 0.486664 5.86123
31.6498 0.487047 5.88793
31.6998 0.487402 5.91552
31.7498 0.487737 5.94328
31.7998 0.488108 5.97148
31.8498 0.488447 5.99373
31.8998 0.488794 6.01712
31.9498 0.489146 6.03841
31.9998 0.489486 6.06674
32.0498 0.489848 6.03349
32.0998 0.490187 6.05345
32.1498 0.491444 6.01166
32.1998 0.491884 6.02163
32.2498 0.492285 6.03316
32.2998 0.492726 6.0438
32.3498 0.493193 6.05375
32.3998 0.493719 6.03869
32.4498 0.49425 6.04242
32.4998 0.49477 6.04977
32.5498 0.495798 6.00526
32.5998 0.496443 6.0011
32.6498 0.496935 5.97589
32.6998 0.497419 5.97435
32.7498 0.497904 5.97347
32.7998 0.498331 5.96581
32.8498 0.498829 5.9639
32.8998 0.49938 5.96271
32.9498 0.49994 5.96287
32.9998 0.500517 5.96498
33.0498 0.501059 5.96805
33.0998 0.501612 5.9701
33.1498 0.502107 5.97388
33.1998 0.502599 5.98523
33.2498 0.502891 6.00121
33.2998 0.503194 6.01716
33.3498 0.503595 6.03143
33.3998 0.503845 6.01866
33.4498 0.504114 6.02801
33.4998 0.50457 6.03546
33.5498 0.504748 6.04745
33.5998 0.504947 6.05913
33.6498 0.505146 6.07069
33.6998 0.505321 6.08201
33.7498 0.505572 6.09398
33.7998 0.505757 6.10759
33.8498 0.505988 6.11487
33.8998 0.506215 6.12492
33.9498 0.506434 6.14
33.9998 0.506631 6.15626
34.0498 0.506965 6.17133
34.0998 0.507129 6.18915
34.1498 0.507791 6.18086
34.1998 0.508046 6.18731
34.2498 0.508267 6.20268
34.2998 0.508483 6.22057
34.3498 0.50875 6.23876
34.3998 0.50911 6.23102
34.4498 0.509421 6.2472
34.4998 0.509814 6.26021
34.5498 0.510218 6.26753
34.5998 0.510545 6.28343
34.6498 0.510897 6.29914
34.6998 0.51125 6.30999
34.7498 0.51164 6.32267
34.7998 0.512081 6.34011
34.8498 0.512441 6.36019
34.8998 0.512847 6.38055
34.9498 0.51319 6.40247
34.9998 0.51365 6.42216
35.0498 0.514694 6.41454
35.0998 0.515108 6.43183
35.1497 0.515629 6.44712
35.1997 0.51619 6.44979
35.2497 0.516748 6.46483
35.2997 0.517355 6.4783
35.3497 0.517983 6.49304
35.3997 0.518711 6.48208
35.4497 0.519339 6.49811
35.4997 0.520047 6.51272
35.5497 0.521433 6.52003
35.5997 0.521874 6.54022
35.6497 0.522313 6.56127
35.6997 0.522682 6.58376
35.7497 0.523008 6.60721
35.7997 0.523363 6.63094
35.8497 0.523689 6.65603
35.8997 0.524036 6.68238
35.9497 0.524441 6.70744
35.9997 0.524768 6.73502
36.0497 0.525103 6.74995
36.0997 0.525462 6.77503
36.1497 0.525796 6.80306
36.1997 0.526116 6.83
36.2497 0.526428 6.85601
36.2997 0.526727 6.88204
36.3497 0.52703 6.90841
36.3997 0.527373 6.93601
36.4497 0.527677 6.96515
36.4997 0.52816 6.96821
36.5497 0.528482 6.97684
36.5997 0.528821 7.00126
36.6497 0.529142 7.02743
36.6997 0.529457 7.04902
36.7497 0.529792 7.0683
36.7997 0.530217 7.09393
36.8497 0.53056 7.12066
36.8997 0.530886 7.15086
36.9497 0.531222 7.18067
36.9997 0.531662 7.20747
37.0497 0.531984 7.23095
37.0997 0.532303 7.25942
37.1497 0.532613 7.2917
37.1997 0.533016 7.32134
37.2497 0.533311 7.35323
37.2997 0.53361 7.38637
37.3497 0.534012 7.41559
37.3997 0.534324 7.44752
37.4497 0.534602 7.47774
37.4997 0.535006 7.4962
37.5497 0.535887 7.50681
37.5997 0.536327 7.49831
37.6497 0.536755 7.5233
37.6997 0.53709 7.53623
37.7497 0.53749 7.56012
37.7997 0.537791 7.5859
37.8497 0.539032 7.55198
37.8997 0.539499 7.54709
37.9497 0.539873 7.56138
37.9997 0.540304 7.57336
38.0497 0.540668 7.58644
38.0997 0.541016 7.60353
38.1497 0.541365 7.62151
38.1997 0.541742 7.63972
38.2497 0.542123 7.65775
38.2997 0.542535 7.67748
38.3497 0.54293 7.69849
38.3997 0.543631 7.67715
38.4497 0.544013 7.69209
38.4997 0.544379 7.70494
38.5497 0.544686 7.72174
38.5997 0.545057 7.70514
38.6497 0.545424 7.72238
38.6997 0.54578 7.74187
38.7497 0.546186 7.73956
38.7997 0.546549 7.7489
38.8497 0.546901 7.76399
38.8997 0.547256 7.78064
38.9497 0.547594 7.79779
38.9997 0.547967 7.81405
39.0497 0.548348 7.83235
39.0997 0.548695 7.84546
39.1497 0.54904 7.86602
39.1997 0.549399 7.88528
39.2497 0.549774 7.90612
39.2997 0.550119 7.92708
39.3497 0.550502 7.94933
39.3997 0.550801 7.97531
39.4497 0.551198 8.00077
39.4997 0.551682 7.96741
39.5497 0.551982 7.97453
39.5997 0.552255 7.98814
39.6497 0.55262 8.00338
39.6997 0.552948 8.02051
39.7497 0.553255 8.04064
39.7997 0.553593 8.06098
39.8497 0.554064 8.0786
39.8997 0.554428 8.09904
39.9497 0.55495 8.118
39.9997 0.555295 8.142
40.0497 0.555799 8.16335
40.0997 0.556189 8.168
40.1497 0.556532 8.1864
40.1997 0.556912 8.20683
40.2497 0.557287 8.22778
40.2997 0.557671 8.25022
40.3497 0.558044 8.27218
40.3997 0.558933 8.27601
40.4497 0.559347 8.29699
40.4997 0.559767 8.28974
40.5497 0.560512 8.25398
40.5997 0.561051 8.26513
40.6497 0.561508 8.27977
40.6997 0.561886 8.24956
40.7497 0.562208 8.25805
40.7997 0.562519 8.26867
40.8497 0.562859 8.27843
40.8997 0.563246 8.28732
40.9497 0.563614 8.29733
40.9997 0.563926 8.29421
41.0497 0.564276 8.29997
41.0997 0.564603 8.30674
41.1497 0.564939 8.31796
41.1997 0.565272 8.33166
41.2497 0.56562 8.34563
41.2997 0.565961 8.36059
41.3497 0.566329 8.3756
41.3997 0.566988 8.37639
41.4497 0.567395 8.39172
41.4997 0.56776 8.3916
41.5497 0.568533 8.36842
41.5997 0.569066 8.37935
41.6497 0.569536 8.38941
41.6996 0.569966 8.40117
41.7496 0.570396 8.41331
41.7996 0.570794 8.42541
41.8496 0.571214 8.4418
41.8996 0.571593 8.45857
41.9496 0.571973 8.47669
41.9996 0.57242 8.49297
42.0496 0.572812 8.51035
42.0996 0.573168 8.52647
42.1496 0.573694 8.5413
42.1996 0.574065 8.55885
42.2496 0.574605 8.57403
42.2996 0.575025 8.59091
42.3496 0.575585 8.60554
42.3996 0.577006 8.60222
42.4496 0.577504 8.61688
42.4996 0.578069 8.6237
42.5496 0.578555 8.64045
42.5996 0.578916 8.6599
42.6496 0.579359 8.67826
42.6996 0.579751 8.69712
42.7496 0.580096 8.7177
42.7996 0.580442 8.73761
42.8496 0.580966 8.75611
42.8996 0.581307 8.7774
42.9496 0.581799 8.79614
42.9996 0.582125 8.81963
43.0496 0.582454 8.84228
43.0996 0.582762 8.86528
43.1496 0.583118 8.88787
43.1996 0.58351 8.90958
43.2496 0.583969 8.92617
43.2996 0.58436 8.94482
43.3496 0.584712 8.96931
43.3996 0.586573 8.9499
43.4496 0.58726 8.93048
43.4996 0.587851 8.94769
43.5496 0.588477 8.96246
43.5996 0.589117 8.97875
43.6496 0.589757 8.99613
43.6996 0.590342 9.01302
43.7496 0.590936 9.0299
43.7996 0.591517 9.04654
43.8496 0.592076 9.06369
43.8996 0.592641 9.08153
43.9496 0.59318 9.09968
43.9996 0.593717 9.1186
44.0496 0.594318 9.07839
44.0996 0.594829 9.08951
44.1496 0.595346 9.10108
44.1996 0.595867 9.1091
44.2496 0.596398 9.09044
44.2996 0.596946 9.09243
44.3496 0.597476 9.09733
44.3996 0.59799 9.10288
44.4496 0.598522 9.10919
44.4996 0.599034 9.08049
44.5496 0.599564 9.08186
44.5996 0.600056 9.08894
44.6496 0.600542 9.09778
44.6996 0.601037 9.10506
44.7496 0.601524 9.11288
44.7996 0.602031 9.12157
44.8496 0.602528 9.13009
44.8996 0.603072 9.13752
44.9496 0.603552 9.14713
44.9996 0.604049 9.13425
45.0496 0.604577 9.09771
45.0996 0.605058 9.09513
45.1496 0.605545 9.09856
45.1996 0.606004 9.09629
45.2496 0.606493 9.0782
45.2996 0.607037 9.07588
45.3496 0.607537 9.08177
45.3996 0.608031 9.08817
45.4496 0.608525 9.0959
45.4996 0.608997 9.10306
45.5496 0.609622 9.11027
45.5996 0.610244 9.06946
45.6496 0.610778 9.07179
45.6996 0.611333 9.07632
45.7496 0.611845 9.08039
45.7996 0.612399 9.08271
45.8496 0.612978 9.08475
45.8996 0.613573 9.08773
45.9496 0.614087 9.09459
45.9996 0.614626 9.10262
46.0496 0.615187 9.11063
46.0996 0.615759 9.11666
46.1496 0.616333 9.12478
46.1996 0.616855 9.1375
46.2496 0.617469 9.13766
46.2996 0.618206 9.14527
46.3496 0.618946 9.15517
46.3996 0.619726 9.10622
46.4496 0.620459 9.10517
46.4996 0.621325 9.07757
46.5496 0.622167 9.04522
46.5996 0.622971 9.03475
46.6496 0.623707 9.02552
46.6996 0.624528 9.01493
46.7496 0.625215 9.00871
46.7996 0.625925 8.986
46.8496 0.626436 8.98287
46.8996 0.626903 8.98244
46.9496 0.62745 8.98066
46.9996 0.627982 8.98014
47.0496 0.628488 8.97654
47.0996 0.629066 8.97485
47.1496 0.629598 8.97604
47.1996 0.630139 8.97641
47.2496 0.630697 8.97465
47.2996 0.631284 8.97639
47.3496 0.631815 8.97912
47.3996 0.632363 8.98357
47.4496 0.632891 8.98943
47.4996 0.633422 8.99536
47.5496 0.634151 8.99533
47.5996 0.634764 9.00551
47.6496 0.635328 9.01722
47.6996 0.635881 9.02766
47.7496 0.636465 9.03964
47.7996 0.63703 9.04995
47.8496 0.637528 9.06464
47.8996 0.638012 9.07961
47.9496 0.638947 9.08864
47.9996 0.639559 9.08934
48.0496 0.64012 9.10082
48.0996 0.640675 9.11358
48.1496 0.641351 9.12415
48.1996 0.641973 9.13924
48.2495 0.642551 9.1549
48.2995 0.643168 9.16907
48.3495 0.643722 9.18553
48.3995 0.64435 9.20192
48.4495 0.645039 9.21853
48.4995 0.645591 9.21188
48.5495 0.64667 9.20635
48.5995 0.647358 9.22048
48.6495 0.64791 9.23705
48.6995 0.648595 9.2522
48.7495 0.649274 9.26737
48.7995 0.649853 9.28473
48.8495 0.650528 9.30057
48.8995 0.651125 9.28487
48.9495 0.65172 9.29562
48.9995 0.652229 9.31127
49.0495 0.652806 9.32635
49.0995 0.65331 9.34554
49.1495 0.654195 9.35092
49.1995 0.654859 9.36723
49.2495 0.655419 9.38481
49.2995 0.655995 9.40187
49.3495 0.656691 9.41862
49.3995 0.657245 9.43736
49.4495 0.657961 9.45469
49.4995 0.658509 9.46651
49.5495 0.659521 9.47416
49.5995 0.660081 9.48782
49.6495 0.660846 9.5048
49.6995 0.661696 9.51974
49.7495 0.662533 9.53545
49.7995 0.663164 9.5557
49.8495 0.663751 9.57433
49.8995 0.664308 9.59535
49.9495 0.66491 9.61733
49.9995 0.665469 9.63953
50.0495 0.666031 9.66063
50.0995 0.666583 9.68394
50.1495 0.667177 9.70739
50.1995 0.667769 9.71646
50.2495 0.668319 9.73686
50.2995 0.668874 9.75978
50.3495 0.669439 9.78255
50.3995 0.67 9.80151
50.4495 0.670522 9.8204
50.4995 0.67111 9.84045
50.5495 0.672021 9.85077
50.5995 0.672672 9.86831
50.6495 0.673239 9.88827
50.6995 0.673809 9.90855
50.7495 0.674397 9.91815
50.7995 0.67499 9.93845
50.8495 0.675632 9.95496
50.8995 0.676213 9.97296
50.9495 0.676793 9.97604
50.9995 0.677381 9.99101
51.0495 0.677956 10.0016
51.0995 0.678533 10.0157
51.1495 0.679097 10.0364
51.1995 0.679699 10.0576
51.2495 0.680266 10.0776
51.2995 0.680845 10.0995
51.3495 0.681424 10.1211
51.3995 0.682005 10.1437
51.4495 0.682571 10.1679
51.4995 0.683147 10.1899
51.5495 0.683842 10.206
51.5995 0.684485 10.2281
51.6495 0.685097 10.2503
51.6995 0.685671 10.2728
51.7495 0.686218 10.2971
51.7995 0.686816 10.3156
51.8495 0.687355 10.3387
51.8995 0.687882 10.3628
51.9495 0.688423 10.3889
51.9995 0.688972 10.4123
52.0495 0.689479 10.4375
52.0995 0.69003 10.4477
52.1495 0.690505 10.4729
52.1995 0.691032 10.4939
52.2495 0.691515 10.5199
52.2995 0.692904 10.5284
52.3495 0.693494 10.5517
52.3995 0.694171 10.5735
52.4495 0.695064 10.5617
52.4995 0.695835 10.5738
52.5495 0.696783 10.5854
52.5995 0.697515 10.6031
52.6495 0.698237 10.6207
52.6995 0.698902 10.6393
52.7495 0.699544 10.6529
52.7995 0.700177 10.6696
52.8495 0.700806 10.6856
52.8995 0.701367 10.704
52.9495 0.701914 10.7213
52.9995 0.702439 10.7394
53.0495 0.702964 10.7508
53.0995 0.703486 10.7659
53.1495 0.703977 10.7872
53.1995 0.704466 10.8078
53.2495 0.704937 10.8291
53.2995 0.705424 10.8495
53.3495 0.705913 10.8696
53.3995 0.7064 10.8903
53.4495 0.706869 10.9108
53.4995 0.708562 10.8955
53.5495 0.709529 10.6841
53.5995 0.710173 10.6754
53.6495 0.710829 10.6614
53.6995 0.711501 10.644
53.7495 0.712192 10.6218
53.7995 0.71287 10.6001
53.8495 0.713544 10.5734
53.8995 0.714227 10.5578
53.9495 0.714879 10.5461
53.9995 0.715516 10.5349
54.0495 0.71612 10.5256
54.0995 0.716715 10.5178
54.1495 0.71728 10.5106
54.1995 0.717826 10.5054
54.2495 0.71837 10.5021
54.2995 0.718907 10.4992
54.3495 0.719419 10.4986
54.3995 0.719923 10.498
54.4495 0.72042 10.4989
54.4995 0.720911 10.5019
54.5495 0.721418 10.4994
54.5995 0.721925 10.5007
54.6495 0.722421 10.5008
54.6995 0.723882 10.4605
54.7495 0.724498 10.4565
54.7994 0.725105 10.4546
54.8494 0.725721 10.4553
54.8994 0.726342 10.4569
54.9494 0.72693 10.4601
54.9994 0.72752 10.465
55.0494 0.728106 10.4704
55.0994 0.728691 10.4765
55.1494 0.72926 10.4841
55.1994 0.729838 10.4914
55.2494 0.730464 10.498
55.2994 0.731051 10.4784
55.3494 0.731626 10.4605
55.3994 0.732235 10.459
55.4494 0.732829 10.4544
55.4994 0.733423 10.4471
55.5494 0.734047 10.4435
55.5994 0.734672 10.441
55.6494 0.735295 10.4251
55.6994 0.735936 10.4254
55.7494 0.736569 10.4274
55.7994 0.737249 10.4285
55.8494 0.737911 10.4321
55.8994 0.738567 10.4335
55.9494 0.739214 10.4362
55.9994 0.739878 10.4398
56.0494 0.740554 10.4434
56.0994 0.741206 10.4483
56.1494 0.741853 10.454
56.1994 0.742528 10.4597
56.2494 0.74318 10.4682
56.2994 0.743807 10.4771
56.3494 0.744441 10.4803
56.3994 0.745071 10.489
56.4494 0.745684 10.4983
56.4994 0.746299 10.4762
56.5494 0.746895 10.4781
56.5994 0.747535 10.4799
56.6494 0.748135 10.4784
56.6994 0.748741 10.4786
56.7494 0.749345 10.4839
56.7994 0.74997 10.4892
56.8494 0.750593 10.4945
56.8994 0.751216 10.5017
56.9494 0.751822 10.5079
56.9994 0.752413 10.5152
57.0494 0.752994 10.5208
57.0994 0.753562 10.5289
57.1494 0.754174 10.5378
57.1994 0.754739 10.5473
57.2494 0.755304 10.5561
57.2994 0.755843 10.5669
57.3494 0.75637 10.5695
57.3994 0.756904 10.5779
57.4494 0.757445 10.5877
57.4994 0.757963 10.5959
57.5494 0.75849 10.6046
57.5994 0.758985 10.6154
57.6494 0.759484 10.6256
57.6994 0.760037 10.6367
57.7494 0.761553 10.6343
57.7994 0.762227 10.6453
57.8494 0.762865 10.657
57.8994 0.763531 10.6594
57.9494 0.764214 10.67
57.9994 0.764859 10.6804
58.0494 0.765508 10.6861
58.0994 0.766152 10.6923
58.1494 0.766804 10.6995
58.1994 0.767448 10.7068
58.2494 0.768071 10.7121
58.2994 0.768689 10.7151
58.3494 0.769367 10.6872
58.3994 0.769979 10.6878
58.4494 0.770594 10.6921
58.4994 0.771188 10.6989
58.5494 0.771755 10.7069
58.5994 0.772312 10.7158
58.6494 0.772882 10.7218
58.6994 0.773453 10.7289
58.7494 0.774111 10.7343
58.7994 0.774675 10.7414
58.8494 0.775209 10.7477
58.8994 0.775753 10.7561
58.9494 0.776268 10.7474
58.9994 0.776788 10.749
59.0494 0.777373 10.7523
59.0994 0.7784 10.7269
59.1494 0.779003 10.7294
59.1994 0.779589 10.7295
59.2494 0.780284 10.7209
59.2994 0.780868 10.7211
59.3494 0.781453 10.6867
59.3994 0.782149 10.6825
59.4494 0.783423 10.6691
59.4994 0.784313 10.6663
59.5494 0.784978 10.6701
59.5994 0.785772 10.6764
59.6494 0.786451 10.6842
59.6994 0.787234 10.6889
59.7494 0.788038 10.6932
59.7994 0.788677 10.6987
59.8494 0.789406 10.703
59.8994 0.790175 10.7053
59.9494 0.79085 10.7086
59.9994 0.791534 10.7126
60.0494 0.792107 10.7174
60.0994 0.792679 10.7231
60.1494 0.793244 10.7283
60.1994 0.793804 10.7344
60.2494 0.794401 10.7405
60.2994 0.794931 10.7453
60.3494 0.795457 10.7429
60.3994 0.795997 10.7527
60.4494 0.796892 10.7435
60.4994 0.797477 10.7572
60.5494 0.798005 10.7754
