time pknown ts
0 0 -nan
0.05 0 -nan
0.1 0.0170962 0
0.15 0.0220439 0.0113529
0.2 0.0295672 0.0202999
0.25 0.0347225 0.0306229
0.3 0.0381286 0.0408804
0.35 0.0401052 0.0556255
0.4 0.0417553 0.0672232
0.45 0.0430858 0.0791554
0.5 0.0442608 0.0888805
0.55 0.0451875 0.101282
0.6 0.045939 0.114427
0.65 0.046473 0.128364
0.7 0.0470931 0.139119
0.75 0.0476221 0.149264
0.8 0.048088 0.161426
0.85 0.0485525 0.171799
0.9 0.0489815 0.18192
0.95 0.0493611 0.192753
1 0.0497804 0.200676
1.05 0.0501497 0.209894
1.1 0.0504397 0.219966
1.15 0.0507325 0.226793
1.2 0.0510469 0.233985
1.25 0.0513535 0.242017
1.3 0.0516454 0.249829
1.35 0.0519406 0.25783
1.4 0.052217 0.264618
1.45 0.0525387 0.270814
1.5 0.052808 0.277936
1.55 0.053078 0.285787
1.6 0.053325 0.296348
1.65 0.0535555 0.305679
1.7 0.0537781 0.315131
1.75 0.0539753 0.326906
1.8 0.0541669 0.336939
1.85 0.0543157 0.351537
1.9 0.0545265 0.35889
1.95 0.0547439 0.367594
2 0.0549457 0.376756
2.05 0.0551244 0.3851
2.1 0.0552991 0.394799
2.15 0.0554724 0.403305
2.2 0.0556161 0.414687
2.25 0.0557665 0.42422
2.3 0.055943 0.431976
2.35 0.0561066 0.439022
2.4 0.0562551 0.443455
2.45 0.0563904 0.446714
2.5 0.0565038 0.451818
2.55 0.0565959 0.460101
2.6 0.056689 0.469783
2.65 0.0567775 0.480483
2.7 0.0568679 0.490592
2.75 0.0569581 0.501311
2.8 0.057049 0.51102
2.85 0.0571524 0.518684
2.9 0.0572801 0.524716
2.95 0.0574064 0.52999
3 0.0575102 0.539216
3.05 0.0576162 0.547395
3.1 0.0577546 0.550734
3.15 0.0578715 0.556702
3.2 0.0580181 0.559549
3.25 0.058142 0.565285
3.3 0.0582709 0.571603
3.35 0.0583929 0.580609
3.4 0.0585103 0.58978
3.45 0.0586525 0.595782
3.5 0.0588049 0.600357
3.55 0.058962 0.604488
3.6 0.059124 0.604847
3.65 0.059263 0.606002
3.7 0.0594291 0.5989
3.75 0.0595747 0.596897
3.8 0.0597143 0.597295
3.85 0.0598904 0.59182
3.9 0.060061 0.593651
3.95 0.0603023 0.58737
4 0.0605316 0.583026
4.05 0.060765 0.57801
4.1 0.0610012 0.574117
4.15 0.0612474 0.569614
4.2 0.0615034 0.564259
4.25 0.0617777 0.562393
4.3 0.0620481 0.562621
4.35 0.0623411 0.560102
4.4 0.0626998 0.549447
4.45 0.06305 0.543919
4.5 0.063402 0.537632
4.55 0.063784 0.531066
4.6 0.0641807 0.524491
4.65 0.064573 0.518005
4.7 0.0649965 0.513098
4.75 0.0654897 0.502528
4.8 0.0659554 0.497423
4.85 0.0664549 0.489159
4.9 0.0670299 0.476732
4.95 0.0675411 0.46814
5 0.0680961 0.459503
5.05 0.0686694 0.450819
5.1 0.0693014 0.439019
5.15 0.0699191 0.430777
5.2 0.0705748 0.421178
5.25 0.0712455 0.412849
5.3 0.0719353 0.404756
5.35 0.0726405 0.397052
5.4 0.0733481 0.390953
5.45 0.0740779 0.385136
5.5 0.0748418 0.378054
5.55 0.0755741 0.370951
5.6 0.0763293 0.364121
5.65 0.0770931 0.358647
5.7 0.0778605 0.353108
5.75 0.0786624 0.347545
5.8 0.0794477 0.34208
5.85 0.080259 0.336724
5.9 0.0810879 0.330489
5.95 0.0818984 0.326305
6 0.0827524 0.322056
6.05 0.0835992 0.317839
6.10001 0.0844722 0.313599
6.15001 0.0853529 0.309328
6.20001 0.0862447 0.305566
6.25001 0.087151 0.302443
6.30001 0.0880621 0.299585
6.35001 0.088989 0.296733
6.40001 0.0899412 0.294133
6.45001 0.0908946 0.291536
6.50001 0.0918477 0.289107
6.55001 0.0928278 0.286864
6.60001 0.0938288 0.284791
6.65001 0.0948245 0.283224
6.70001 0.0958174 0.281814
6.75001 0.0968262 0.280671
6.80001 0.0978426 0.280029
6.85001 0.0988903 0.278467
6.90001 0.0999226 0.277439
6.95001 0.100924 0.27684
7.00001 0.101976 0.276594
7.05001 0.103048 0.276082
7.10001 0.104094 0.276062
7.15001 0.105146 0.276241
7.20001 0.106227 0.276038
7.25001 0.107315 0.276011
7.30001 0.108346 0.276748
7.35001 0.109443 0.277029
7.40001 0.110536 0.277354
7.45001 0.111598 0.277979
7.50001 0.112682 0.279016
7.55001 0.11374 0.279908
7.60001 0.1148 0.280828
7.65001 0.115822 0.281843
7.70001 0.116886 0.283105
7.75001 0.117893 0.284893
7.80001 0.11892 0.286592
7.85001 0.119922 0.288252
7.90001 0.120951 0.28988
7.95001 0.121954 0.292038
8.00001 0.122956 0.294663
8.05001 0.124025 0.296145
8.10001 0.12506 0.298169
8.15001 0.126134 0.300002
8.20001 0.127198 0.302017
8.25001 0.128286 0.304059
8.30001 0.129409 0.305282
8.35001 0.130611 0.30603
8.40001 0.131904 0.307087
8.45001 0.133245 0.308718
8.50001 0.134582 0.31022
8.55001 0.135856 0.31248
8.60001 0.137043 0.315149
8.65001 0.138196 0.317707
8.70002 0.139294 0.320661
8.75002 0.140415 0.322799
8.80002 0.141555 0.324526
8.85002 0.142688 0.325123
8.90002 0.143835 0.324962
8.95002 0.145105 0.323812
9.00002 0.146676 0.322079
9.05002 0.148308 0.322598
9.10002 0.149923 0.323237
9.15002 0.151342 0.32478
9.20002 0.152696 0.326884
9.25002 0.154061 0.328774
9.30002 0.155396 0.330663
9.35002 0.156652 0.333592
9.40002 0.157893 0.336455
9.45002 0.159213 0.338437
9.50002 0.160617 0.339808
9.55002 0.161938 0.332212
9.60002 0.163229 0.333283
9.65002 0.164503 0.3339
9.70002 0.165888 0.333985
9.75002 0.167201 0.333915
9.80002 0.168516 0.335121
9.85002 0.169846 0.332106
9.90002 0.171267 0.332206
9.95002 0.172679 0.332464
10 0.174088 0.329745
10.05 0.175562 0.328656
10.1 0.177166 0.328179
10.15 0.178814 0.328168
10.2 0.180458 0.328723
10.25 0.182182 0.328374
10.3 0.183943 0.327734
10.35 0.185655 0.327561
10.4 0.187383 0.327337
10.45 0.189097 0.316828
10.5 0.190687 0.316224
10.55 0.192245 0.304379
10.6 0.193767 0.301803
10.65 0.195272 0.301298
10.7 0.196678 0.300266
10.75 0.198062 0.299751
10.8 0.19945 0.299297
10.85 0.200788 0.296588
10.9 0.202063 0.298243
10.95 0.203357 0.300412
11 0.204602 0.301586
11.05 0.205864 0.304372
11.1 0.207185 0.307862
11.15 0.208462 0.294805
11.2 0.209675 0.298022
11.25 0.210903 0.301337
11.3 0.212154 0.303908
11.35 0.213395 0.306704
11.4 0.214578 0.309859
11.45 0.215777 0.313391
11.5 0.217026 0.317057
11.55 0.218296 0.320976
11.6 0.219512 0.32523
11.65 0.220727 0.329854
11.7 0.22205 0.333118
11.75 0.223414 0.336905
11.8 0.224791 0.342462
11.85 0.226161 0.348065
11.9 0.227575 0.353807
11.95 0.228891 0.360549
12 0.230241 0.366794
12.05 0.231576 0.373884
12.1 0.232878 0.381708
12.15 0.234221 0.386373
12.2 0.235563 0.394572
12.25 0.236813 0.4029
12.3 0.238084 0.411461
12.35 0.239407 0.420672
12.4 0.240622 0.430554
12.45 0.241888 0.440231
12.5 0.243104 0.450314
12.55 0.244291 0.460731
12.6 0.245484 0.47128
12.65 0.246714 0.481717
12.7 0.247919 0.492026
12.75 0.249109 0.50299
12.8 0.250311 0.51428
12.85 0.251563 0.514416
12.9 0.252762 0.522881
12.95 0.253955 0.531611
13 0.255152 0.540856
13.05 0.25633 0.550599
13.1 0.257527 0.560579
13.15 0.258732 0.570624
13.2 0.259943 0.58094
13.25 0.261173 0.591391
13.3 0.262407 0.600088
13.35 0.263658 0.611036
13.4 0.264963 0.605328
13.45 0.266172 0.613506
13.5 0.267432 0.622365
13.55 0.268716 0.632029
13.6 0.269986 0.642703
13.65 0.27127 0.653806
13.7 0.272624 0.665224
13.75 0.273968 0.677305
13.8 0.275277 0.689272
13.85 0.276674 0.6941
13.9 0.278006 0.707096
13.95 0.27934 0.719971
14 0.280716 0.732839
14.05 0.28203 0.746188
14.1 0.283295 0.759546
14.15 0.284573 0.77248
14.2 0.28587 0.779353
14.25 0.287197 0.791279
14.3 0.288484 0.774462
14.35 0.289795 0.769253
14.4 0.291114 0.760772
14.45 0.292508 0.765263
14.5 0.293811 0.769466
14.55 0.295142 0.772717
14.6 0.29659 0.776846
14.65 0.297962 0.781591
14.7 0.299364 0.786462
14.75 0.300867 0.791234
14.8 0.302305 0.7971
14.85 0.303789 0.800197
14.9 0.30529 0.804908
14.95 0.30672 0.811564
15 0.308169 0.818979
15.05 0.309566 0.827087
15.1 0.311028 0.81786
15.15 0.312515 0.822941
15.2 0.313929 0.828538
15.25 0.315383 0.835363
15.3 0.316914 0.836029
15.35 0.318371 0.83791
15.4 0.319861 0.843281
15.45 0.321408 0.849956
15.5 0.322899 0.856502
15.55 0.324406 0.863236
15.6 0.325892 0.871393
15.65 0.327706 0.856849
15.7 0.329298 0.859831
15.75 0.330959 0.863915
15.8 0.332718 0.867548
15.85 0.334468 0.870827
15.9 0.33622 0.875855
15.95 0.337941 0.88134
16 0.339704 0.886504
16.05 0.341391 0.892789
16.1 0.343193 0.898875
16.15 0.345097 0.903791
16.2 0.346906 0.908802
16.25 0.348737 0.914695
16.3 0.350608 0.91609
16.35 0.352467 0.922441
16.4 0.354017 0.928989
16.45 0.355583 0.938134
16.5 0.357105 0.947819
16.55 0.358617 0.957086
16.6 0.360306 0.965421
16.65 0.361906 0.965415
16.7 0.363469 0.972495
16.75 0.365033 0.981489
16.8 0.366664 0.991182
16.85 0.36824 1.00105
16.9 0.369882 1.00993
16.95 0.37144 1.02074
17 0.372963 1.03164
17.05 0.374512 1.04256
17.1 0.376248 1.05318
17.15 0.377784 1.05655
17.2 0.379373 1.06655
17.25 0.381242 1.07656
17.3 0.382774 1.04531
17.35 0.384419 1.04965
17.4 0.386332 1.04056
17.45 0.388015 1.04197
17.5 0.389739 1.04278
17.55 0.391614 1.04193
17.6 0.393411 1.04482
17.65 0.395149 1.04692
17.7 0.396774 1.04798
17.75 0.398596 1.05092
17.8 0.400099 1.03755
17.85 0.401526 1.04102
17.9 0.402968 1.04619
17.95 0.404314 1.05229
18 0.405619 1.04605
18.05 0.407123 1.04575
18.1 0.408491 1.05147
18.15 0.409794 1.04935
18.2 0.411125 1.05359
18.25 0.412553 1.05859
18.3 0.413896 1.06394
18.35 0.415292 1.06873
18.4 0.416648 1.07409
18.45 0.418066 1.08199
18.5 0.41943 1.08979
18.55 0.420756 1.09792
18.6 0.42224 1.1052
18.65 0.423616 1.11247
18.7 0.425173 1.11703
18.75 0.426538 1.12535
18.8 0.428058 1.13129
18.85 0.429484 1.14136
18.9 0.430954 1.15037
18.95 0.432549 1.15845
19 0.434288 1.16471
19.05 0.436081 1.16317
19.1 0.437604 1.17302
19.15 0.439208 1.15072
19.2 0.440644 1.15728
19.25 0.442066 1.15748
19.3 0.443503 1.1636
19.35 0.444976 1.17103
19.4 0.446416 1.17855
19.45 0.447868 1.18644
19.5 0.449366 1.19559
19.55 0.450815 1.20424
19.6 0.452275 1.21337
19.65 0.453696 1.22342
19.7 0.455221 1.23217
19.75 0.45668 1.24098
19.8 0.458256 1.25073
19.85 0.459653 1.25628
19.9 0.461146 1.2668
19.95 0.46259 1.27762
20 0.464065 1.28738
20.05 0.465598 1.29457
20.1 0.467019 1.30501
20.15 0.468606 1.31548
20.2 0.470073 1.32689
20.25 0.471714 1.33683
20.3 0.473307 1.34838
20.35 0.474809 1.36048
20.4 0.476407 1.35241
20.45 0.478067 1.36072
20.5 0.479612 1.37113
20.55 0.48116 1.38166
20.6 0.482715 1.39272
20.65 0.48437 1.39828
20.7 0.486015 1.40781
20.75 0.487628 1.41786
20.8 0.489223 1.42819
20.85 0.490796 1.43036
20.9 0.492378 1.43903
20.95 0.494057 1.44031
21 0.495581 1.44684
21.05 0.497063 1.45373
21.1 0.498736 1.45884
21.15 0.500174 1.46612
21.2 0.501636 1.47409
21.25 0.503121 1.4823
21.3 0.504718 1.49041
21.35 0.506234 1.49877
21.4 0.507738 1.50418
21.45 0.509213 1.49452
21.5 0.510587 1.49809
21.55 0.511919 1.50092
21.6 0.513218 1.50621
21.65 0.514547 1.51183
21.7 0.515804 1.51593
21.75 0.517131 1.52193
21.8 0.518381 1.52541
21.85 0.519654 1.53089
21.9 0.520832 1.53672
21.95 0.521939 1.52987
22 0.522946 1.53688
22.0499 0.523946 1.54466
22.0999 0.524909 1.55117
22.1499 0.525931 1.5587
22.1999 0.526949 1.56261
22.2499 0.52793 1.56996
22.2999 0.528859 1.5654
22.3499 0.529734 1.57296
22.3999 0.530657 1.57924
22.4499 0.531566 1.57689
22.4999 0.532503 1.58454
22.5499 0.533363 1.59253
22.5999 0.53426 1.59979
22.6499 0.535094 1.60723
22.6999 0.53594 1.61383
22.7499 0.536742 1.62279
22.7999 0.537635 1.62545
22.8499 0.538436 1.6329
22.8999 0.539239 1.63101
22.9499 0.540123 1.63567
22.9999 0.540998 1.64551
23.0499 0.541812 1.65546
23.0999 0.542619 1.66427
23.1499 0.543486 1.6696
23.1999 0.544242 1.6789
23.2499 0.545029 1.68885
23.2999 0.545804 1.68852
23.3499 0.546585 1.69776
23.3999 0.547274 1.70691
23.4499 0.548061 1.71589
23.4999 0.548757 1.72637
23.5499 0.549469 1.73668
23.5999 0.550155 1.74732
23.6499 0.55082 1.75858
23.6999 0.551587 1.75949
23.7499 0.552234 1.7707
23.7999 0.552864 1.78213
23.8499 0.553478 1.794
23.8999 0.554082 1.80604
23.9499 0.554672 1.80844
23.9999 0.555264 1.81855
24.0499 0.555834 1.82988
24.0999 0.556423 1.83751
24.1499 0.557022 1.84146
24.1999 0.557608 1.85024
24.2499 0.558164 1.85977
24.2999 0.558749 1.86791
24.3499 0.559322 1.8778
24.3999 0.560827 1.87153
24.4499 0.561661 1.87905
24.4999 0.562594 1.88519
24.5499 0.563577 1.89094
24.5999 0.564544 1.89633
24.6499 0.56567 1.87843
24.6999 0.566585 1.87986
24.7499 0.567456 1.88091
24.7999 0.568318 1.88345
24.8499 0.569152 1.88672
24.8999 0.569956 1.89093
24.9499 0.570777 1.88833
24.9999 0.571562 1.89347
25.0499 0.572357 1.89913
25.0999 0.57312 1.90519
25.1499 0.573911 1.91017
25.1999 0.574715 1.91834
25.2499 0.575527 1.92499
25.2999 0.576343 1.93362
25.3499 0.577157 1.94205
25.3999 0.57795 1.94921
25.4499 0.578781 1.95828
25.4999 0.579615 1.96817
25.5499 0.580458 1.97805
25.5999 0.581339 1.98794
25.6499 0.582212 1.99807
25.6999 0.583058 2.00796
25.7499 0.583946 2.01766
25.7999 0.584975 2.02815
25.8499 0.585826 2.02726
25.8999 0.586682 2.03695
25.9499 0.587556 2.04712
25.9999 0.588402 2.05779
26.0499 0.589272 2.06762
26.0999 0.59014 2.07705
26.1499 0.590955 2.08629
26.1999 0.591777 2.09597
26.2499 0.59259 2.10617
26.2999 0.5934 2.11676
26.3499 0.594169 2.12809
26.3999 0.59502 2.13258
26.4499 0.595814 2.14104
26.4999 0.596752 2.13809
26.5499 0.597456 2.14608
26.5999 0.598177 2.15344
26.6499 0.598907 2.16038
26.6999 0.599573 2.16968
26.7499 0.600274 2.17687
26.7999 0.600946 2.18355
26.8499 0.601604 2.19069
26.8999 0.60236 2.19829
26.9499 0.60307 2.20565
26.9999 0.603859 2.21037
27.0499 0.604632 2.21492
27.0999 0.605412 2.22146
27.1499 0.606226 2.22878
27.1999 0.60698 2.22538
27.2499 0.6077 2.22878
27.2999 0.608422 2.23784
27.3499 0.609116 2.24507
27.3999 0.609823 2.24859
27.4499 0.610511 2.2528
27.4999 0.611248 2.25496
27.5499 0.611932 2.26453
27.5999 0.612585 2.27542
27.6499 0.613266 2.28684
27.6999 0.613903 2.29938
27.7499 0.614517 2.31223
27.7999 0.615173 2.31997
27.8499 0.615811 2.3299
27.8999 0.616446 2.34307
27.9499 0.617077 2.35617
27.9999 0.617782 2.3692
28.0499 0.618412 2.38281
28.0999 0.619069 2.39643
28.1499 0.619785 2.41061
28.1999 0.620436 2.41485
28.2499 0.621512 2.4017
28.2999 0.622363 2.40717
28.3499 0.62316 2.41302
28.3999 0.623945 2.42112
28.4499 0.624738 2.42807
28.4999 0.625538 2.43872
28.5499 0.626312 2.45108
28.5998 0.627049 2.44221
28.6498 0.627811 2.45245
28.6998 0.628591 2.46196
28.7498 0.629346 2.47254
28.7998 0.630123 2.47987
28.8498 0.630868 2.4881
28.8998 0.631591 2.49655
28.9498 0.632331 2.50635
28.9998 0.633159 2.51661
29.0498 0.633892 2.52418
29.0998 0.634608 2.53579
29.1498 0.635337 2.54694
29.1998 0.636039 2.55898
29.2498 0.636714 2.5634
29.2998 0.637373 2.57422
29.3498 0.638084 2.58469
29.3998 0.638744 2.59625
29.4498 0.639413 2.60851
29.4998 0.640163 2.62119
29.5498 0.640791 2.63449
29.5998 0.641484 2.58659
29.6498 0.642082 2.58907
29.6998 0.642648 2.58936
29.7498 0.643189 2.59061
29.7998 0.643834 2.59182
29.8498 0.644476 2.59277
29.8998 0.644996 2.59664
29.9498 0.645532 2.6019
29.9998 0.646064 2.60774
30.0498 0.646573 2.61143
30.0998 0.647209 2.61868
30.1498 0.647748 2.62696
30.1998 0.648246 2.63588
30.2498 0.648714 2.64458
30.2998 0.649186 2.65404
30.3498 0.649947 2.64786
30.3998 0.650409 2.6498
30.4498 0.650807 2.65679
30.4998 0.65123 2.66455
30.5498 0.651634 2.67297
30.5998 0.652159 2.65858
30.6498 0.652541 2.66839
30.6998 0.652931 2.67798
30.7498 0.653311 2.68722
30.7998 0.653752 2.69464
30.8498 0.654184 2.70193
30.8998 0.654587 2.71149
30.9498 0.654987 2.72045
30.9998 0.655478 2.72957
31.0498 0.65589 2.73916
31.0998 0.65627 2.74937
31.1498 0.656725 2.75917
31.1998 0.657147 2.77051
31.2498 0.65751 2.78239
31.2998 0.657886 2.79317
31.3498 0.658441 2.79715
31.3998 0.658822 2.80767
31.4498 0.659216 2.8186
31.4998 0.659671 2.82607
31.5498 0.660183 2.83312
31.5998 0.66063 2.84089
31.6498 0.661118 2.84895
31.6998 0.661608 2.85861
31.7498 0.662103 2.86674
31.7998 0.662562 2.87323
31.8498 0.663051 2.8826
31.8998 0.663526 2.89045
31.9498 0.664 2.8997
31.9998 0.664506 2.90227
32.0498 0.664994 2.90635
32.0998 0.665502 2.9148
32.1498 0.665969 2.92444
32.1998 0.666517 2.9325
32.2498 0.667011 2.9423
32.2998 0.667545 2.95169
32.3498 0.668106 2.95987
32.3998 0.668658 2.96868
32.4498 0.669052 2.96495
32.4998 0.669478 2.97545
32.5498 0.66994 2.98618
32.5998 0.670329 2.99817
32.6498 0.67075 3.00883
32.6998 0.671233 3.02005
32.7498 0.671646 3.03034
32.7998 0.672046 3.04056
32.8498 0.672492 3.05059
32.8998 0.672957 3.06205
32.9498 0.673347 3.07406
32.9998 0.673787 3.08082
33.0498 0.674243 3.09103
33.0998 0.674666 3.1015
33.1498 0.67507 3.11292
33.1998 0.675526 3.12355
33.2498 0.675972 3.10285
33.2998 0.67641 3.10491
33.3498 0.676861 3.10816
33.3998 0.6773 3.11366
33.4498 0.67771 3.11153
33.4998 0.678149 3.10608
33.5498 0.6786 3.11234
33.5998 0.679012 3.11918
33.6498 0.679416 3.12587
33.6998 0.679838 3.13407
33.7498 0.680267 3.14193
33.7998 0.680646 3.15116
33.8498 0.68104 3.16047
33.8998 0.681441 3.16595
33.9498 0.681839 3.17397
33.9998 0.682229 3.18354
34.0498 0.6826 3.19204
34.0998 0.68296 3.19537
34.1498 0.683321 3.20594
34.1998 0.683656 3.18862
34.2498 0.683967 3.19376
34.2998 0.684296 3.20069
34.3498 0.684646 3.19702
34.3998 0.68503 3.19247
34.4498 0.685374 3.19011
34.4998 0.685733 3.19102
34.5498 0.686133 3.19302
34.5998 0.686647 3.19515
34.6498 0.687014 3.18941
34.6998 0.687382 3.1957
34.7498 0.687746 3.20364
34.7998 0.68808 3.2118
34.8498 0.688442 3.22129
34.8998 0.688743 3.23082
34.9498 0.689058 3.24216
34.9998 0.68936 3.25398
35.0498 0.689687 3.26466
35.0998 0.689981 3.27128
35.1497 0.690276 3.28226
35.1997 0.690544 3.2805
35.2497 0.690873 3.29371
35.2997 0.691105 3.30618
35.3497 0.691329 3.3147
35.3997 0.691555 3.33023
35.4497 0.691793 3.3451
35.4997 0.692005 3.36051
35.5497 0.692192 3.36997
35.5997 0.692393 3.34811
35.6497 0.692627 3.33095
35.6997 0.692837 3.33435
35.7497 0.693017 3.34219
35.7997 0.693187 3.35047
35.8497 0.693342 3.3582
35.8997 0.693575 3.3447
35.9497 0.693636 3.35011
35.9997 0.693688 3.35814
36.0497 0.693728 3.36285
36.0997 0.69377 3.3727
36.1497 0.693829 3.38225
36.1997 0.693893 3.39386
36.2497 0.693954 3.40626
36.2997 0.694005 3.4194
36.3497 0.69407 3.42404
36.3997 0.694127 3.43301
36.4497 0.694185 3.44684
36.4997 0.694237 3.45943
36.5497 0.69429 3.47024
36.5997 0.694461 3.47022
36.6497 0.694541 3.48223
36.6997 0.694624 3.49469
36.7497 0.6947 3.50618
36.7997 0.69477 3.50187
36.8497 0.694832 3.51086
36.8997 0.694942 3.50465
36.9497 0.695006 3.51349
36.9997 0.695077 3.5228
37.0497 0.695145 3.53159
37.0997 0.695241 3.53987
37.1497 0.695314 3.54915
37.1997 0.695396 3.55668
37.2497 0.695473 3.56222
37.2997 0.695559 3.56225
37.3497 0.695651 3.56485
37.3997 0.695753 3.56087
37.4497 0.695831 3.55711
37.4997 0.69591 3.56188
37.5497 0.695996 3.56635
37.5997 0.696081 3.57228
37.6497 0.69617 3.57793
37.6997 0.69627 3.5837
37.7497 0.696382 3.58909
37.7997 0.696488 3.59121
37.8497 0.696599 3.59719
37.8997 0.696701 3.60093
37.9497 0.696797 3.59278
37.9997 0.696905 3.59469
38.0497 0.697037 3.59642
38.0997 0.697156 3.59807
38.1497 0.697278 3.58885
38.1997 0.697375 3.59008
38.2497 0.69746 3.59498
38.2997 0.697544 3.60012
38.3497 0.697631 3.60543
38.3997 0.697715 3.6098
38.4497 0.697807 3.61072
38.4997 0.697905 3.60453
38.5497 0.697996 3.60877
38.5997 0.698095 3.61412
38.6497 0.698195 3.62166
38.6997 0.69828 3.63089
38.7497 0.69838 3.64101
38.7997 0.698485 3.6515
38.8497 0.69859 3.66108
38.8997 0.698719 3.67202
38.9497 0.698857 3.67942
38.9997 0.698991 3.69108
39.0497 0.699234 3.66596
39.0997 0.699403 3.67387
39.1497 0.699607 3.6814
39.1997 0.699813 3.68838
39.2497 0.700004 3.69443
39.2997 0.70025 3.6997
39.3497 0.700485 3.70252
39.3997 0.700667 3.70866
39.4497 0.700876 3.71606
39.4997 0.701055 3.7231
39.5497 0.701215 3.73008
39.5997 0.701409 3.73922
39.6497 0.701588 3.74966
39.6997 0.701748 3.75877
39.7497 0.701911 3.76891
39.7997 0.702119 3.7782
39.8497 0.702286 3.78596
39.8997 0.70246 3.79599
39.9497 0.702678 3.80434
39.9997 0.702878 3.81358
40.0497 0.703052 3.80054
40.0997 0.703252 3.80886
40.1497 0.70345 3.81908
40.1997 0.703643 3.82793
40.2497 0.703832 3.83608
40.2997 0.70405 3.84566
40.3497 0.704257 3.85564
40.3997 0.704448 3.86574
40.4497 0.704678 3.87723
40.4997 0.704884 3.88368
40.5497 0.705091 3.89652
40.5997 0.705305 3.91027
40.6497 0.705517 3.92384
40.6997 0.705731 3.93725
40.7497 0.705942 3.95022
40.7997 0.706183 3.96451
40.8497 0.706399 3.978
40.8997 0.70662 3.99276
40.9497 0.706848 4.00787
40.9997 0.707054 4.02326
41.0497 0.707251 4.03777
41.0997 0.707494 4.05246
41.1497 0.707699 4.06807
41.1997 0.707891 4.08389
41.2497 0.708096 4.09827
41.2997 0.708306 4.11336
41.3497 0.708486 4.12555
41.3997 0.708689 4.14037
41.4497 0.708897 4.15553
41.4997 0.709071 4.15602
41.5497 0.709237 4.16748
41.5997 0.709441 4.17188
41.6497 0.709607 4.18298
41.6996 0.709752 4.19425
41.7496 0.709907 4.20756
41.7996 0.710077 4.22052
41.8496 0.710206 4.23444
41.8996 0.710339 4.23942
41.9496 0.710479 4.25017
41.9996 0.710619 4.2606
42.0496 0.71095 4.25013
42.0996 0.711086 4.25654
42.1496 0.711254 4.26014
42.1996 0.711381 4.26819
42.2496 0.711548 4.27644
42.2996 0.711687 4.28458
42.3496 0.71184 4.29245
42.3996 0.711996 4.30007
42.4496 0.712076 4.30725
42.4996 0.712152 4.31832
42.5496 0.712217 4.32999
42.5996 0.712294 4.33972
42.6496 0.712374 4.35323
42.6996 0.712452 4.3669
42.7496 0.712521 4.38209
42.7996 0.712583 4.39689
42.8496 0.712645 4.41335
42.8996 0.712719 4.42734
42.9496 0.712786 4.44485
42.9996 0.712861 4.46155
43.0496 0.712925 4.45932
43.0996 0.712968 4.47642
43.1496 0.71302 4.49448
43.1996 0.71307 4.51185
43.2496 0.713113 4.52957
43.2996 0.713158 4.54653
43.3496 0.713215 4.52409
43.3996 0.713256 4.53478
43.4496 0.7133 4.53276
43.4996 0.713339 4.54057
43.5496 0.713384 4.54713
43.5996 0.713424 4.55555
43.6496 0.713467 4.56468
43.6996 0.713517 4.57516
43.7496 0.713561 4.58664
43.7996 0.71361 4.59824
43.8496 0.713652 4.61191
43.8996 0.7137 4.61487
43.9496 0.713756 4.62877
43.9996 0.71381 4.64501
44.0496 0.713872 4.64534
44.0996 0.713928 4.66067
44.1496 0.713993 4.67426
44.1996 0.714063 4.68738
44.2496 0.714201 4.69766
44.2996 0.714298 4.70623
44.3496 0.714529 4.6934
44.3996 0.714653 4.7033
44.4496 0.714775 4.7174
44.4996 0.714894 4.73051
44.5496 0.715028 4.74439
44.5996 0.715164 4.75875
44.6496 0.715293 4.77369
44.6996 0.715435 4.78821
44.7496 0.715579 4.80362
44.7996 0.715702 4.81922
44.8496 0.715843 4.83387
44.8996 0.715981 4.84777
44.9496 0.716116 4.86434
44.9996 0.716267 4.88136
45.0496 0.716411 4.88271
45.0996 0.716552 4.89769
45.1496 0.716705 4.91143
45.1996 0.716852 4.92593
45.2496 0.716981 4.94105
45.2996 0.717122 4.9548
45.3496 0.717273 4.96988
45.3996 0.717403 4.98467
45.4496 0.717533 5.00021
45.4996 0.717686 5.00415
45.5496 0.717824 5.01313
45.5996 0.717945 5.02706
45.6496 0.718075 5.04174
45.6996 0.718202 5.05609
45.7496 0.718318 5.07136
45.7996 0.718438 5.08715
45.8496 0.718551 5.09722
45.8996 0.718671 5.11233
45.9496 0.718779 5.12815
45.9996 0.718883 5.14343
46.0496 0.71899 5.14111
46.0996 0.719088 5.1546
46.1496 0.719183 5.16775
46.1996 0.719274 5.18171
46.2496 0.719366 5.19566
46.2996 0.71946 5.20759
46.3496 0.719549 5.22174
46.3996 0.719627 5.23132
46.4496 0.719709 5.24428
46.4996 0.7198 5.25581
46.5496 0.719864 5.26891
46.5996 0.719938 5.28241
46.6496 0.720011 5.29455
46.6996 0.720077 5.30788
46.7496 0.720133 5.32109
46.7996 0.720203 5.33313
46.8496 0.720268 5.34461
46.8996 0.720322 5.35666
46.9496 0.720382 5.36864
46.9996 0.720438 5.38059
47.0496 0.720489 5.39263
47.0996 0.720545 5.40398
47.1496 0.720595 5.41441
47.1996 0.720643 5.42475
47.2496 0.720688 5.43489
47.2996 0.720733 5.44495
47.3496 0.720774 5.45622
47.3996 0.720817 5.458
47.4496 0.72086 5.46683
47.4996 0.720899 5.47546
47.5496 0.720933 5.48409
47.5996 0.72097 5.4922
47.6496 0.721014 5.49629
47.6996 0.721044 5.50213
47.7496 0.72108 5.50936
47.7996 0.721112 5.51816
47.8496 0.721142 5.52698
47.8996 0.721172 5.53634
47.9496 0.721198 5.54513
47.9996 0.721228 5.55461
48.0496 0.721259 5.56302
48.0996 0.721294 5.56523
48.1496 0.721322 5.57386
48.1996 0.721348 5.57822
48.2495 0.72139 5.58465
48.2995 0.721415 5.5893
48.3495 0.72145 5.58827
48.3995 0.721482 5.59053
48.4495 0.721515 5.59734
48.4995 0.721542 5.60152
48.5495 0.721567 5.60576
48.5995 0.721596 5.61127
48.6495 0.721621 5.61672
48.6995 0.721647 5.62125
48.7495 0.721674 5.62578
48.7995 0.721704 5.62947
48.8495 0.72173 5.634
48.8995 0.721752 5.63979
48.9495 0.721781 5.64476
48.9995 0.721805 5.64823
49.0495 0.721825 5.6535
49.0995 0.721843 5.65824
49.1495 0.721862 5.66093
49.1995 0.721884 5.66329
49.2495 0.721907 5.66833
49.2995 0.721925 5.6732
49.3495 0.721941 5.67794
49.3995 0.721961 5.67689
49.4495 0.721979 5.68218
49.4995 0.722003 5.68437
49.5495 0.722026 5.68732
49.5995 0.722044 5.67753
49.6495 0.722064 5.68093
49.6995 0.722083 5.68453
49.7495 0.722113 5.68743
49.7995 0.722141 5.68947
49.8495 0.722174 5.69228
49.8995 0.722208 5.69456
49.9495 0.722256 5.69548
49.9995 0.722299 5.69591
50.0495 0.722338 5.69707
50.0995 0.722379 5.69806
50.1495 0.722431 5.69654
50.1995 0.722476 5.69115
50.2495 0.722519 5.69075
50.2995 0.722571 5.68952
50.3495 0.722641 5.67278
50.3995 0.722714 5.66639
50.4495 0.722782 5.66336
50.4995 0.722849 5.65865
50.5495 0.722914 5.65669
50.5995 0.723097 5.64327
50.6495 0.723227 5.63323
50.6995 0.723326 5.62794
50.7495 0.723431 5.62246
50.7995 0.723542 5.61775
50.8495 0.723713 5.61027
50.8995 0.723863 5.60421
50.9495 0.724029 5.58929
50.9995 0.724242 5.58048
51.0495 0.724423 5.57531
51.0995 0.724614 5.56886
51.1495 0.724862 5.56156
51.1995 0.725086 5.55521
51.2495 0.725387 5.54793
51.2995 0.725669 5.54095
51.3495 0.725925 5.53445
51.3995 0.726164 5.52811
51.4495 0.726413 5.52346
51.4995 0.726652 5.51987
51.5495 0.726891 5.516
51.5995 0.727144 5.51262
51.6495 0.727388 5.50886
51.6995 0.727659 5.50652
51.7495 0.727942 5.50325
51.7995 0.728292 5.49909
51.8495 0.728642 5.49441
51.8995 0.728951 5.49195
51.9495 0.729261 5.4845
51.9995 0.729559 5.481
52.0495 0.72985 5.47353
52.0995 0.730143 5.47167
52.1495 0.730488 5.46854
52.1995 0.730821 5.46526
52.2495 0.731145 5.46168
52.2995 0.731634 5.45547
52.3495 0.732082 5.45048
52.3995 0.732458 5.44776
52.4495 0.732852 5.44494
52.4995 0.733236 5.44201
52.5495 0.733599 5.43886
52.5995 0.73395 5.43853
52.6495 0.734318 5.42044
52.6995 0.734708 5.41314
52.7495 0.735064 5.40733
52.7995 0.735425 5.40003
52.8495 0.735907 5.39275
52.8995 0.736378 5.3795
52.9495 0.736904 5.35011
52.9995 0.737493 5.33218
53.0495 0.738045 5.31949
53.0995 0.738514 5.30872
53.1495 0.738989 5.29755
53.1995 0.739439 5.28778
53.2495 0.739863 5.27925
53.2995 0.740259 5.27094
53.3495 0.740677 5.26257
53.3995 0.741135 5.25587
53.4495 0.741528 5.25147
53.4995 0.741978 5.24593
53.5495 0.742684 5.23542
53.5995 0.743337 5.22632
53.6495 0.743992 5.2186
53.6995 0.744676 5.2103
53.7495 0.745325 5.20185
53.7995 0.745901 5.19579
53.8495 0.746442 5.18889
53.8995 0.746983 5.18462
53.9495 0.747519 5.18143
53.9995 0.748008 5.17871
54.0495 0.748499 5.17666
54.0995 0.748974 5.1733
54.1495 0.749712 5.16631
54.1995 0.75048 5.1602
54.2495 0.750838 5.15455
54.2995 0.751201 5.15477
54.3495 0.751556 5.15608
54.3995 0.751912 5.15794
54.4495 0.752249 5.1585
54.4995 0.752608 5.15989
54.5495 0.752961 5.16088
54.5995 0.753311 5.16206
54.6495 0.753651 5.16474
54.6995 0.754012 5.16689
54.7495 0.754367 5.16821
54.7994 0.754703 5.17029
54.8494 0.755042 5.17336
54.8994 0.755395 5.16551
54.9494 0.755734 5.16569
54.9994 0.756136 5.16535
55.0494 0.756508 5.16594
55.0994 0.756878 5.1666
55.1494 0.757265 5.16737
55.1994 0.757614 5.16903
55.2494 0.758129 5.1672
55.2994 0.758572 5.16657
55.3494 0.759022 5.16714
55.3994 0.75947 5.1688
55.4494 0.759884 5.1713
55.4994 0.760328 5.17241
55.5494 0.760772 5.15874
55.5994 0.761199 5.15798
55.6494 0.761711 5.15697
55.6994 0.762267 5.15279
55.7494 0.762775 5.15262
55.7994 0.763413 5.14746
55.8494 0.76395 5.14029
55.8994 0.764428 5.14145
55.9494 0.764892 5.14327
55.9994 0.765398 5.14531
56.0494 0.765913 5.14834
56.0994 0.766357 5.15149
56.1494 0.766812 5.15654
56.1994 0.76726 5.16108
56.2494 0.767715 5.16638
56.2994 0.768157 5.17273
56.3494 0.768624 5.17643
56.3994 0.769061 5.18291
56.4494 0.769492 5.189
56.4994 0.770076 5.18995
56.5494 0.770662 5.19346
56.5994 0.771302 5.19666
56.6494 0.771877 5.20084
56.6994 0.772466 5.2048
56.7494 0.773019 5.20961
56.7994 0.773543 5.21471
56.8494 0.774016 5.22057
56.8994 0.774494 5.21077
56.9494 0.774845 5.21918
56.9994 0.775169 5.2261
57.0494 0.775485 5.23426
57.0994 0.775839 5.22522
57.1494 0.776185 5.22837
57.1994 0.776532 5.23016
57.2494 0.776865 5.23356
57.2994 0.777226 5.23027
57.3494 0.777607 5.22315
57.3994 0.777946 5.22546
57.4494 0.778278 5.22772
57.4994 0.778616 5.23076
57.5494 0.778945 5.23422
57.5994 0.779264 5.23936
57.6494 0.779574 5.24536
57.6994 0.779881 5.25189
57.7494 0.780216 5.25432
57.7994 0.780557 5.25841
57.8494 0.780902 5.26244
57.8994 0.781228 5.25595
57.9494 0.781553 5.26017
57.9994 0.781865 5.26375
58.0494 0.78217 5.26868
58.0994 0.782495 5.26158
58.1494 0.78283 5.26703
58.1994 0.783176 5.27264
58.2494 0.783542 5.27812
58.2994 0.783928 5.28316
58.3494 0.784289 5.2907
58.3994 0.784607 5.29957
58.4494 0.784915 5.30877
58.4994 0.785221 5.3173
58.5494 0.78552 5.32601
58.5994 0.785808 5.33594
58.6494 0.786098 5.34614
58.6994 0.786382 5.35565
58.7494 0.78666 5.34665
58.7994 0.78694 5.35547
58.8494 0.787201 5.36344
58.8994 0.787461 5.35313
58.9494 0.787728 5.35774
58.9994 0.787998 5.36319
59.0494 0.788257 5.36766
59.0994 0.788522 5.3737
59.1494 0.78879 5.3804
59.1994 0.789035 5.38546
59.2494 0.789286 5.39236
59.2994 0.789532 5.39847
59.3494 0.789786 5.40184
59.3994 0.790029 5.40643
59.4494 0.790267 5.41114
59.4994 0.790519 5.4148
59.5494 0.790758 5.42088
59.5994 0.790991 5.42824
59.6494 0.791227 5.42936
59.6994 0.791462 5.43513
59.7494 0.791683 5.42785
59.7994 0.79192 5.43243
59.8494 0.79216 5.4252
59.8994 0.792395 5.42939
59.9494 0.792634 5.43406
59.9994 0.792886 5.43835
60.0494 0.793133 5.44258
60.0994 0.793536 5.40875
60.1494 0.793781 5.40715
60.1994 0.794037 5.406
60.2494 0.794303 5.40511
60.2994 0.79459 5.40224
