time pknown ts
0 0 -nan
0.05 0 -nan
0.1 0.0137129 0
0.15 0.0164435 0.0084684
0.2 0.0234326 0.0295042
0.25 0.0291937 0.0445197
0.3 0.0337289 0.0586093
0.35 0.0368855 0.0755777
0.4 0.0389335 0.0959635
0.45 0.0405595 0.116973
0.5 0.0419228 0.137484
0.55 0.0438442 0.14576
0.6 0.0448094 0.164823
0.65 0.0455976 0.184383
0.7 0.0465666 0.198926
0.75 0.0474221 0.214362
0.8 0.0483204 0.225006
0.85 0.0493006 0.234795
0.9 0.0507115 0.235512
0.95 0.0520236 0.237912
1 0.0531839 0.242781
1.05 0.0542373 0.248611
1.1 0.0552774 0.25488
1.15 0.0562463 0.260073
1.2 0.057146 0.26454
1.25 0.0580305 0.267955
1.3 0.0589385 0.271271
1.35 0.0598464 0.275097
1.4 0.0606858 0.279504
1.45 0.0614212 0.284409
1.5 0.0620959 0.28997
1.55 0.0627395 0.295859
1.6 0.0634004 0.303014
1.65 0.0640737 0.308409
1.7 0.0646976 0.315343
1.75 0.0652902 0.322838
1.8 0.0658019 0.332113
1.85 0.0662851 0.34041
1.9 0.0667281 0.349598
1.95 0.0671454 0.360476
2 0.0675906 0.375683
2.05 0.0679149 0.395576
2.1 0.0681799 0.419014
2.15 0.0684225 0.441834
2.2 0.0686387 0.463483
2.25 0.0688389 0.48429
2.3 0.0690352 0.503219
2.35 0.0692425 0.521922
2.4 0.0694376 0.5402
2.45 0.069605 0.559553
2.5 0.0697493 0.578852
2.55 0.0698832 0.596911
2.6 0.0700208 0.61363
2.65 0.0701555 0.629647
2.7 0.0703043 0.645119
2.75 0.0704634 0.658538
2.8 0.0706007 0.672647
2.85 0.0707342 0.689857
2.9 0.0708391 0.708424
2.95 0.0709547 0.724506
3 0.0710684 0.740464
3.05 0.0711765 0.757347
3.1 0.0713176 0.771238
3.15 0.0714489 0.782082
3.2 0.0716144 0.780599
3.25 0.0717655 0.790811
3.3 0.0719171 0.79938
3.35 0.072035 0.806928
3.4 0.0721492 0.809674
3.45 0.0722931 0.814132
3.5 0.0724699 0.808782
3.55 0.0726536 0.800239
3.6 0.0728276 0.793585
3.65 0.0730266 0.790263
3.7 0.0732137 0.786474
3.75 0.0734088 0.782754
3.8 0.0736127 0.779985
3.85 0.0737905 0.77649
3.9 0.0739667 0.779036
3.95 0.0741641 0.779156
4 0.074366 0.778622
4.05 0.0745605 0.773428
4.1 0.0747982 0.773024
4.15 0.0749949 0.777017
4.2 0.075217 0.779602
4.25 0.0755192 0.772746
4.3 0.0757505 0.773674
4.35 0.0760196 0.771818
4.4 0.0763046 0.767574
4.45 0.0765969 0.763222
4.5 0.0769513 0.755349
4.55 0.0772785 0.748227
4.6 0.0776443 0.74153
4.65 0.0780282 0.733185
4.7 0.0783627 0.730746
4.75 0.0787508 0.726133
4.8 0.0791381 0.720277
4.85 0.079523 0.714711
4.9 0.0799726 0.705929
4.95 0.0803972 0.697217
5 0.0808519 0.68841
5.05 0.0813664 0.679279
5.1 0.081839 0.673431
5.15 0.0823815 0.667059
5.2 0.082905 0.658882
5.25 0.0834659 0.650836
5.3 0.0840951 0.641429
5.35 0.0846961 0.631834
5.4 0.0853244 0.623367
5.45 0.0859875 0.612427
5.5 0.0866527 0.602155
5.55 0.0873865 0.590027
5.6 0.0880918 0.577312
5.65 0.0888296 0.564038
5.7 0.0896146 0.55131
5.75 0.090358 0.540496
5.8 0.0911449 0.529096
5.85 0.0919525 0.518042
5.9 0.0927527 0.508384
5.95 0.0936161 0.497586
6 0.094485 0.487627
6.05 0.0953649 0.478896
6.10001 0.0962919 0.466834
6.15001 0.0972404 0.455353
6.20001 0.098177 0.439531
6.25001 0.0991401 0.424044
6.30001 0.100121 0.407928
6.35001 0.10111 0.395989
6.40001 0.102145 0.384929
6.45001 0.103175 0.374813
6.50001 0.104218 0.366957
6.55001 0.105275 0.360133
6.60001 0.106326 0.354353
6.65001 0.107438 0.349455
6.70001 0.108529 0.345155
6.75001 0.109626 0.340907
6.80001 0.110765 0.337322
6.85001 0.111897 0.334265
6.90001 0.113065 0.331354
6.95001 0.114211 0.329249
7.00001 0.115391 0.327529
7.05001 0.116591 0.32595
7.10001 0.117739 0.325078
7.15001 0.118949 0.324019
7.20001 0.120137 0.322695
7.25001 0.121311 0.321556
7.30001 0.122526 0.319924
7.35001 0.123761 0.321412
7.40001 0.12496 0.324502
7.45001 0.126153 0.327891
7.50001 0.12744 0.330324
7.55001 0.128645 0.334015
7.60001 0.129872 0.338159
7.65001 0.131129 0.342263
7.70001 0.132371 0.346506
7.75001 0.133587 0.351313
7.80001 0.13482 0.356039
7.85001 0.136147 0.359976
7.90001 0.137374 0.364604
7.95001 0.138626 0.36969
8.00001 0.139964 0.374244
8.05001 0.141228 0.379173
8.10001 0.142482 0.384828
8.15001 0.143781 0.389559
8.20001 0.145105 0.394453
8.25001 0.146371 0.400011
8.30001 0.147668 0.405438
8.35001 0.148978 0.410589
8.40001 0.150258 0.416559
8.45001 0.151516 0.422253
8.50001 0.152858 0.427678
8.55001 0.154151 0.43412
8.60001 0.155413 0.440515
8.65001 0.156706 0.445924
8.70002 0.158015 0.444619
8.75002 0.159319 0.43625
8.80002 0.160597 0.428752
8.85002 0.161864 0.419082
8.90002 0.163176 0.413346
8.95002 0.164484 0.409211
9.00002 0.16574 0.407131
9.05002 0.167028 0.40677
9.10002 0.168384 0.406694
9.15002 0.169667 0.407478
9.20002 0.170923 0.40978
9.25002 0.172257 0.412462
9.30002 0.1736 0.415095
9.35002 0.174857 0.418613
9.40002 0.176141 0.422627
9.45002 0.177517 0.425887
9.50002 0.17883 0.429551
9.55002 0.180084 0.434285
9.60002 0.181423 0.438713
9.65002 0.182821 0.442439
9.70002 0.184125 0.446806
9.75002 0.185389 0.451474
9.80002 0.186777 0.455402
9.85002 0.188177 0.45916
9.90002 0.189482 0.468848
9.95002 0.19078 0.479952
10 0.192167 0.489147
10.05 0.193538 0.497468
10.1 0.194813 0.506181
10.15 0.196169 0.518539
10.2 0.197541 0.530662
10.25 0.198878 0.543451
10.3 0.200162 0.556756
10.35 0.201493 0.569714
10.4 0.202844 0.582957
10.45 0.204134 0.596902
10.5 0.205395 0.610864
10.55 0.206694 0.625054
10.6 0.207997 0.63879
10.65 0.209258 0.653252
10.7 0.210504 0.668297
10.75 0.211753 0.683352
10.8 0.213012 0.69811
10.85 0.214213 0.714008
10.9 0.21538 0.730099
10.95 0.21658 0.745434
11 0.217824 0.7614
11.05 0.21902 0.777566
11.1 0.220169 0.793955
11.15 0.221326 0.810568
11.2 0.222506 0.820005
11.25 0.223688 0.818426
11.3 0.224787 0.813335
11.35 0.225934 0.808513
11.4 0.227034 0.796891
11.45 0.228152 0.793087
11.5 0.229226 0.793219
11.55 0.230309 0.796816
11.6 0.231388 0.800568
11.65 0.232487 0.805849
11.7 0.233528 0.813401
11.75 0.234639 0.820892
11.8 0.235712 0.83043
11.85 0.236742 0.841938
11.9 0.237806 0.854998
11.95 0.238826 0.868127
12 0.239883 0.880689
12.05 0.240885 0.893466
12.1 0.241949 0.905793
12.15 0.242969 0.917449
12.2 0.243888 0.928948
12.25 0.244796 0.942817
12.3 0.245759 0.956584
12.35 0.246805 0.968497
12.4 0.247754 0.980462
12.45 0.24871 0.999619
12.5 0.249676 1.02177
12.55 0.250632 1.04108
12.6 0.251594 1.0563
12.65 0.252554 1.06945
12.7 0.253502 1.08739
12.75 0.254483 1.10463
12.8 0.255477 1.10629
12.85 0.256426 1.1245
12.9 0.257353 1.1443
12.95 0.258276 1.1639
13 0.259184 1.1858
13.05 0.260037 1.20939
13.1 0.260846 1.23294
13.15 0.261772 1.25465
13.2 0.262655 1.27744
13.25 0.263486 1.29161
13.3 0.264269 1.31479
13.35 0.265135 1.33656
13.4 0.266047 1.35907
13.45 0.266912 1.38229
13.5 0.267756 1.40624
13.55 0.268595 1.42994
13.6 0.269473 1.45423
13.65 0.270361 1.4775
13.7 0.271243 1.50101
13.75 0.27256 1.50379
13.8 0.273881 1.51829
13.85 0.274879 1.54168
13.9 0.275865 1.56492
13.95 0.27688 1.58859
14 0.278049 1.61016
14.05 0.279204 1.63218
14.1 0.280236 1.65586
14.15 0.28128 1.67497
14.2 0.282304 1.67294
14.25 0.283473 1.69533
14.3 0.284686 1.70524
14.35 0.285738 1.72769
14.4 0.286718 1.75162
14.45 0.28777 1.74919
14.5 0.288846 1.755
14.55 0.289888 1.76363
14.6 0.290919 1.7734
14.65 0.291943 1.7847
14.7 0.292932 1.79646
14.75 0.294288 1.79861
14.8 0.295307 1.7983
14.85 0.296319 1.80851
14.9 0.297404 1.82041
14.95 0.298579 1.83232
15 0.299765 1.84469
15.05 0.300949 1.85679
15.1 0.302096 1.85817
15.15 0.303268 1.8711
15.2 0.304466 1.88383
15.25 0.305627 1.89666
15.3 0.306877 1.8875
15.35 0.3081 1.90879
15.4 0.309266 1.92988
15.45 0.310397 1.95133
15.5 0.311467 1.97258
15.55 0.312487 1.99435
15.6 0.313493 2.0151
15.65 0.314548 2.03631
15.7 0.315606 2.05799
15.75 0.316675 2.08014
15.8 0.317708 2.0877
15.85 0.318832 2.10273
15.9 0.319874 2.1081
15.95 0.320889 2.13046
16 0.321927 2.15161
16.05 0.322901 2.15241
16.1 0.323892 2.1574
16.15 0.324899 2.16356
16.2 0.326181 2.17895
16.25 0.327209 2.19762
16.3 0.32828 2.182
16.35 0.329321 2.19902
16.4 0.330359 2.20685
16.45 0.331429 2.21657
16.5 0.332497 2.2367
16.55 0.333504 2.25682
16.6 0.334469 2.27762
16.65 0.335505 2.29806
16.7 0.336533 2.30964
16.75 0.337498 2.3259
16.8 0.338506 2.31436
16.85 0.339554 2.32987
16.9 0.34052 2.35231
16.95 0.341517 2.37478
17 0.342526 2.39621
17.05 0.343539 2.41553
17.1 0.344538 2.4379
17.15 0.346181 2.4545
17.2 0.34739 2.47567
17.25 0.348448 2.49928
17.3 0.349427 2.52444
17.35 0.350518 2.54792
17.4 0.351565 2.57115
17.45 0.352637 2.59472
17.5 0.353803 2.61789
17.55 0.354985 2.64118
17.6 0.356236 2.66359
17.65 0.357296 2.68854
17.7 0.358742 2.66531
17.75 0.359913 2.68362
17.8 0.361118 2.68484
17.85 0.362295 2.7011
17.9 0.363435 2.71924
17.95 0.364599 2.7373
18 0.365851 2.75551
18.05 0.367069 2.77487
18.1 0.368345 2.79432
18.15 0.370665 2.79785
18.2 0.372194 2.81264
18.25 0.373488 2.78261
18.3 0.374767 2.79917
18.35 0.376078 2.81669
18.4 0.377326 2.83468
18.45 0.378668 2.85101
18.5 0.379967 2.86565
18.55 0.381204 2.8617
18.6 0.382497 2.8641
18.65 0.383849 2.87866
18.7 0.385135 2.89172
18.75 0.386404 2.90816
18.8 0.387736 2.92523
18.85 0.388979 2.94374
18.9 0.390283 2.96204
18.95 0.391563 2.98082
19 0.392898 2.99945
19.05 0.39421 3.01887
19.1 0.395556 3.03765
19.15 0.396913 3.05621
19.2 0.398356 3.07458
19.25 0.399706 3.07581
19.3 0.401042 3.09245
19.35 0.402298 3.11315
19.4 0.403575 3.13496
19.45 0.404882 3.15736
19.5 0.406122 3.1802
19.55 0.407382 3.2035
19.6 0.40868 3.2264
19.65 0.409981 3.24966
19.7 0.411256 3.27289
19.75 0.412492 3.29585
19.8 0.413751 3.31952
19.85 0.415079 3.34267
19.9 0.416324 3.36672
19.95 0.417565 3.38548
20 0.418789 3.39475
20.05 0.420048 3.41934
20.1 0.421215 3.44551
20.15 0.422377 3.46694
20.2 0.423637 3.49038
20.25 0.424839 3.51003
20.3 0.425985 3.53597
20.35 0.427197 3.56105
20.4 0.428369 3.58642
20.45 0.42961 3.61208
20.5 0.430817 3.63827
20.55 0.432002 3.66447
20.6 0.433165 3.69075
20.65 0.434338 3.68916
20.7 0.435554 3.70939
20.75 0.436765 3.7308
20.8 0.437935 3.75606
20.85 0.439101 3.78226
20.9 0.440355 3.80532
20.95 0.441632 3.8258
21 0.442965 3.84598
21.05 0.444218 3.8685
21.1 0.445482 3.89024
21.15 0.446862 3.90236
21.2 0.44822 3.84228
21.25 0.44957 3.84307
21.3 0.450887 3.83013
21.35 0.452362 3.84009
21.4 0.453795 3.84604
21.45 0.455315 3.85101
21.5 0.456736 3.8533
21.55 0.458193 3.85235
21.6 0.45968 3.83986
21.65 0.461306 3.83529
21.7 0.462823 3.84174
21.75 0.464365 3.84126
21.8 0.465802 3.85059
21.85 0.467207 3.86182
21.9 0.468601 3.87224
21.95 0.469966 3.87948
22 0.471393 3.88976
22.0499 0.472726 3.90264
22.0999 0.474088 3.91521
22.1499 0.475412 3.92272
22.1999 0.477075 3.90307
22.2499 0.478443 3.90632
22.2999 0.479715 3.92417
22.3499 0.480906 3.94354
22.3999 0.482155 3.93727
22.4499 0.483436 3.94152
22.4999 0.484722 3.95973
22.5499 0.486052 3.97881
22.5999 0.487316 3.99878
22.6499 0.488591 3.99626
22.6999 0.489866 4.01483
22.7499 0.491504 3.96
22.7999 0.49249 3.96313
22.8499 0.493451 3.96408
22.8999 0.494459 3.9722
22.9499 0.495458 3.98268
22.9999 0.496491 3.9936
23.0499 0.497527 4.00566
23.0999 0.4985 4.0198
23.1499 0.499517 4.02775
23.1999 0.500444 4.04388
23.2499 0.501399 4.05415
23.2999 0.502391 4.07024
23.3499 0.503234 4.08957
23.3999 0.504148 4.10813
23.4499 0.505026 4.12721
23.4999 0.506143 4.14285
23.5499 0.506916 4.1613
23.5999 0.50775 4.17998
23.6499 0.508535 4.19986
23.6999 0.509306 4.21617
23.7499 0.510571 4.2102
23.7999 0.511505 4.228
23.8499 0.512315 4.24734
23.8999 0.513126 4.26699
23.9499 0.513855 4.28871
23.9999 0.514589 4.30817
24.0499 0.515354 4.32383
24.0999 0.516119 4.33788
24.1499 0.517036 4.32607
24.1999 0.517824 4.32407
24.2499 0.518773 4.32064
24.2999 0.519616 4.32988
24.3499 0.520411 4.32324
24.3999 0.521233 4.33201
24.4499 0.522031 4.34406
24.4999 0.522794 4.35659
24.5499 0.523584 4.37078
24.5999 0.524318 4.38834
24.6499 0.525047 4.40745
24.6999 0.525789 4.42635
24.7499 0.526848 4.42704
24.7999 0.527654 4.44293
24.8499 0.5284 4.45906
24.8999 0.529165 4.47593
24.9499 0.529919 4.49439
24.9999 0.530906 4.50456
25.0499 0.531889 4.49301
25.0999 0.532724 4.50939
25.1499 0.533566 4.50974
25.1999 0.534376 4.51929
25.2499 0.535195 4.5272
25.2999 0.536071 4.53655
25.3499 0.537036 4.54718
25.3999 0.537882 4.56008
25.4499 0.53867 4.57191
25.4999 0.539401 4.5688
25.5499 0.540159 4.58248
25.5999 0.540993 4.5982
25.6499 0.541733 4.61114
25.6999 0.54246 4.62712
25.7499 0.543201 4.63636
25.7999 0.544043 4.63248
25.8499 0.544752 4.64756
25.8999 0.545497 4.66436
25.9499 0.546215 4.68124
25.9999 0.547037 4.69684
26.0499 0.547825 4.7125
26.0999 0.548559 4.73092
26.1499 0.549273 4.74869
26.1999 0.549957 4.76312
26.2499 0.550697 4.76179
26.2999 0.551366 4.77632
26.3499 0.552061 4.78992
26.3999 0.552782 4.805
26.4499 0.553452 4.82287
26.4999 0.554274 4.83842
26.5499 0.555076 4.85472
26.5999 0.555901 4.87091
26.6499 0.556665 4.89032
26.6999 0.557418 4.91044
26.7499 0.558173 4.93036
26.7999 0.559042 4.94847
26.8499 0.559778 4.96926
26.8999 0.560507 4.99115
26.9499 0.561364 5.01156
26.9999 0.562143 5.03342
27.0499 0.562959 5.05554
27.0999 0.563723 5.07582
27.1499 0.564553 5.09753
27.1999 0.565386 5.11603
27.2499 0.566459 5.12971
27.2999 0.567487 5.13643
27.3499 0.568767 5.15479
27.3999 0.570016 5.17326
27.4499 0.570948 5.18367
27.4999 0.571809 5.20624
27.5499 0.572643 5.23184
27.5999 0.573694 5.25118
27.6499 0.574498 5.27821
27.6999 0.575302 5.30247
27.7499 0.576177 5.32676
27.7999 0.576999 5.35317
27.8499 0.57789 5.37952
27.8999 0.578756 5.40491
27.9499 0.579581 5.43049
27.9999 0.580541 5.43646
28.0499 0.581485 5.45942
28.0999 0.582331 5.45476
28.1499 0.583279 5.46243
28.1999 0.584139 5.48814
28.2499 0.585126 5.50096
28.2999 0.586077 5.47073
28.3499 0.586969 5.4831
28.3999 0.587985 5.50253
28.4499 0.589038 5.51567
28.4999 0.590054 5.53702
28.5499 0.59122 5.555
28.5998 0.592253 5.57267
28.6498 0.593418 5.58318
28.6998 0.594898 5.56272
28.7498 0.596201 5.57245
28.7998 0.597701 5.58245
28.8498 0.599224 5.59054
28.8998 0.600472 5.59982
28.9498 0.601685 5.60868
28.9998 0.603097 5.61395
29.0498 0.604078 5.62552
29.0998 0.604914 5.64069
29.1498 0.605742 5.65688
29.1998 0.606669 5.66892
29.2498 0.607525 5.68432
29.2998 0.608425 5.62887
29.3498 0.61023 5.60344
29.3998 0.611188 5.60975
29.4498 0.612146 5.61577
29.4998 0.613128 5.62246
29.5498 0.61411 5.62924
29.5998 0.615123 5.63601
29.6498 0.61614 5.64397
29.6998 0.61868 5.62135
29.7498 0.619842 5.62853
29.7998 0.621019 5.63914
29.8498 0.622226 5.65061
29.8998 0.623409 5.66335
29.9498 0.624593 5.67687
29.9998 0.625766 5.69131
30.0498 0.626894 5.70647
30.0998 0.627975 5.7198
30.1498 0.629069 5.69409
30.1998 0.630102 5.70146
30.2498 0.631124 5.71168
30.2998 0.632173 5.68604
30.3498 0.633122 5.69421
30.3998 0.634072 5.70419
30.4498 0.63507 5.68846
30.4998 0.635995 5.69316
30.5498 0.636868 5.70076
30.5998 0.637764 5.70757
30.6498 0.638692 5.713
30.6998 0.639542 5.72037
30.7498 0.640397 5.72885
30.7998 0.641302 5.73544
30.8498 0.642126 5.74426
30.8998 0.642946 5.75382
30.9498 0.643841 5.76298
30.9998 0.64467 5.77202
31.0498 0.645531 5.78195
31.0998 0.646393 5.79084
31.1498 0.647207 5.79986
31.1998 0.648168 5.79657
31.2498 0.648987 5.80709
31.2998 0.64988 5.81659
31.3498 0.650694 5.82761
31.3998 0.651526 5.83823
31.4498 0.652403 5.8486
31.4998 0.653229 5.86108
31.5498 0.654061 5.87136
31.5998 0.654912 5.86847
31.6498 0.655683 5.88392
31.6998 0.656526 5.89927
31.7498 0.657328 5.91528
31.7998 0.65818 5.93041
31.8498 0.658965 5.94655
31.8998 0.659726 5.96355
31.9498 0.660517 5.97944
31.9998 0.661329 5.99525
32.0498 0.662116 6.01241
32.0998 0.6629 6.0299
32.1498 0.663707 6.04662
32.1998 0.664541 6.06372
32.2498 0.665314 6.08157
32.2998 0.666092 6.0989
32.3498 0.666921 6.11656
32.3998 0.667773 6.13436
32.4498 0.668503 6.12791
32.4998 0.669267 6.14119
32.5498 0.670106 6.1567
32.5998 0.670866 6.17421
32.6498 0.671586 6.19154
32.6998 0.672327 6.2093
32.7498 0.673076 6.22566
32.7998 0.673902 6.23868
32.8498 0.674638 6.22916
32.8998 0.675416 6.23998
32.9498 0.676145 6.24762
32.9998 0.676914 6.23314
33.0498 0.677677 6.22412
33.0998 0.678814 6.20706
33.1498 0.679626 6.21074
33.1998 0.680477 6.21473
33.2498 0.681389 6.2167
33.2998 0.682234 6.21792
33.3498 0.683074 6.22304
33.3998 0.683972 6.22666
33.4498 0.684934 6.17931
33.4998 0.685898 6.17512
33.5498 0.686912 6.17648
33.5998 0.687928 6.17811
33.6498 0.688998 6.17996
33.6998 0.69013 6.1787
33.7498 0.691214 6.17835
33.7998 0.69217 6.16529
33.8498 0.693093 6.15742
33.8998 0.694036 6.16078
33.9498 0.694968 6.16324
33.9998 0.69584 6.16606
34.0498 0.696697 6.17118
34.0998 0.697608 6.17469
34.1498 0.698448 6.17719
34.1998 0.699264 6.19075
34.2498 0.700079 6.20512
34.2998 0.700889 6.21983
34.3498 0.701695 6.23535
34.3998 0.702449 6.25236
34.4498 0.703236 6.26714
34.4998 0.70409 6.28362
34.5498 0.705068 6.27307
34.5998 0.705901 6.28711
34.6498 0.706677 6.30387
34.6998 0.707444 6.32141
34.7498 0.709109 6.32491
34.7998 0.710121 6.30777
34.8498 0.71109 6.31354
34.8998 0.712023 6.31958
34.9498 0.713009 6.3267
34.9998 0.71398 6.33428
35.0498 0.714929 6.31022
35.0998 0.715914 6.3115
35.1497 0.716982 6.24078
35.1997 0.717907 6.24125
35.2497 0.718767 6.22882
35.2997 0.719698 6.22757
35.3497 0.720553 6.22598
35.3997 0.7214 6.22275
35.4497 0.722284 6.21762
35.4997 0.723154 6.2124
35.5497 0.724496 6.20216
35.5997 0.725607 6.1993
35.6497 0.726685 6.19689
35.6997 0.727654 6.19717
35.7497 0.728681 6.1976
35.7997 0.729632 6.19732
35.8497 0.730567 6.19971
35.8997 0.731617 6.20138
35.9497 0.732515 6.20465
35.9997 0.733471 6.20881
36.0497 0.734376 6.19319
36.0997 0.735294 6.19659
36.1497 0.736324 6.17759
36.1997 0.737249 6.17649
36.2497 0.738179 6.18045
36.2997 0.739056 6.18651
36.3497 0.740093 6.192
36.3997 0.740979 6.1995
36.4497 0.741921 6.20728
36.4997 0.742919 6.21542
36.5497 0.74383 6.22513
36.5997 0.744731 6.23617
36.6497 0.745756 6.24554
36.6997 0.746671 6.25689
36.7497 0.74755 6.26836
36.7997 0.748606 6.27946
36.8497 0.750005 6.24786
36.8997 0.751229 6.25169
36.9497 0.752268 6.26114
36.9997 0.753454 6.2702
37.0497 0.754533 6.27968
37.0997 0.755564 6.28852
37.1497 0.756622 6.29769
37.1997 0.757648 6.30834
37.2497 0.758689 6.32034
37.2997 0.759683 6.33318
37.3497 0.76068 6.34289
37.3997 0.761657 6.34331
37.4497 0.762569 6.32126
37.4997 0.763513 6.33273
37.5497 0.764444 6.34794
37.5997 0.765347 6.36342
37.6497 0.766268 6.37764
37.6997 0.767197 6.39011
37.7497 0.768075 6.40228
37.7997 0.769009 6.41382
37.8497 0.769941 6.4098
37.8997 0.770815 6.41999
37.9497 0.771689 6.42898
37.9997 0.772551 6.44013
38.0497 0.773361 6.45287
38.0997 0.774926 6.4537
38.1497 0.77582 6.46596
38.1997 0.776701 6.47782
38.2497 0.777541 6.49135
38.2997 0.778341 6.48796
38.3497 0.779164 6.46817
38.3997 0.779936 6.4749
38.4497 0.780693 6.44604
38.4997 0.781417 6.43419
38.5497 0.782145 6.43421
38.5997 0.782846 6.43756
38.6497 0.78352 6.44199
38.6997 0.784172 6.43974
38.7497 0.784857 6.44591
38.7997 0.785514 6.45367
38.8497 0.786152 6.45504
38.8997 0.786802 6.45977
38.9497 0.788005 6.43725
38.9997 0.788757 6.43956
39.0497 0.789502 6.44207
39.0997 0.790293 6.44506
39.1497 0.791101 6.44629
39.1997 0.791879 6.44779
39.2497 0.792683 6.45166
39.2997 0.79344 6.45574
39.3497 0.794214 6.46066
39.3997 0.795015 6.43822
39.4497 0.795753 6.44283
39.4997 0.796433 6.43733
39.5497 0.797122 6.43633
39.5997 0.797873 6.44106
39.6497 0.798587 6.44518
39.6997 0.799275 6.45078
39.7497 0.80013 6.42856
39.7997 0.800888 6.427
39.8497 0.801642 6.42753
39.8997 0.802404 6.42751
39.9497 0.803179 6.42027
39.9997 0.803851 6.40264
40.0497 0.804486 6.40136
40.0997 0.805132 6.39921
40.1497 0.805798 6.39852
40.1997 0.806416 6.39894
40.2497 0.807078 6.39926
40.2997 0.80774 6.4024
40.3497 0.808417 6.40583
40.3997 0.809017 6.4101
40.4497 0.809682 6.41513
40.4997 0.81032 6.42144
40.5497 0.810978 6.42723
40.5997 0.811649 6.43449
40.6497 0.812292 6.44153
40.6997 0.812938 6.44811
40.7497 0.813583 6.45611
40.7997 0.814265 6.46197
40.8497 0.814923 6.47022
40.8997 0.815561 6.47725
40.9497 0.816205 6.45896
40.9997 0.816836 6.46525
41.0497 0.817493 6.4714
41.0997 0.818118 6.47791
41.1497 0.818794 6.48236
41.1997 0.819429 6.4877
41.2497 0.820048 6.49462
41.2997 0.820712 6.50047
41.3497 0.821334 6.50758
41.3997 0.821947 6.51509
41.4497 0.822559 6.51051
41.4997 0.823184 6.51486
41.5497 0.823816 6.51952
41.5997 0.824404 6.52402
41.6497 0.825005 6.52704
41.6996 0.826006 6.50111
41.7496 0.826617 6.49716
41.7996 0.827258 6.4989
41.8496 0.827877 6.50165
41.8996 0.828543 6.50242
41.9496 0.82923 6.50354
41.9996 0.829909 6.50232
42.0496 0.83057 6.5026
42.0996 0.83123 6.50331
42.1496 0.831867 6.50511
42.1996 0.8325 6.50417
42.2496 0.833158 6.50582
42.2996 0.833778 6.50811
42.3496 0.834375 6.50985
42.3996 0.83497 6.5115
42.4496 0.835542 6.50901
42.4996 0.836153 6.5127
42.5496 0.836733 6.5197
42.5996 0.837324 6.49941
42.6496 0.837867 6.50487
42.6996 0.838533 6.51246
42.7496 0.839069 6.52
42.7996 0.83959 6.52927
42.8496 0.840442 6.5206
42.8996 0.840959 6.52701
42.9496 0.841473 6.53332
42.9996 0.842001 6.53766
43.0496 0.842479 6.54402
43.0996 0.842925 6.55174
43.1496 0.843352 6.55695
43.1996 0.843768 6.55301
43.2496 0.844553 6.55146
43.2996 0.844953 6.56217
43.3496 0.845338 6.57262
43.3996 0.845714 6.5831
43.4496 0.846075 6.57472
43.4996 0.846469 6.57793
43.5496 0.846826 6.58471
43.5996 0.848087 6.57558
43.6496 0.848544 6.58339
43.6996 0.84898 6.59287
43.7496 0.84949 6.60236
43.7996 0.849976 6.61252
43.8496 0.850466 6.62297
43.8996 0.850928 6.63317
43.9496 0.851423 6.64325
43.9996 0.851908 6.6551
44.0496 0.852395 6.6656
44.0996 0.852855 6.66444
44.1496 0.8533 6.67312
44.1996 0.853728 6.68664
44.2496 0.8542 6.68352
44.2996 0.854639 6.69526
44.3496 0.855057 6.70706
44.3996 0.85548 6.71018
44.4496 0.855893 6.72236
44.4996 0.856311 6.73607
44.5496 0.856736 6.74919
44.5996 0.857149 6.76255
44.6496 0.85755 6.76946
44.6996 0.857958 6.77849
44.7496 0.858382 6.79217
44.7996 0.858786 6.80804
44.8496 0.859192 6.823
44.8996 0.85959 6.83855
44.9496 0.859976 6.85504
44.9996 0.860365 6.87073
45.0496 0.86075 6.88673
45.0996 0.861125 6.90217
45.1496 0.861514 6.90947
45.1996 0.861885 6.91416
45.2496 0.862242 6.92359
45.2996 0.862604 6.94223
45.3496 0.862948 6.95992
45.3996 0.863291 6.97976
45.4496 0.863629 6.99927
45.4996 0.863953 7.01843
45.5496 0.864293 7.03724
45.5996 0.864614 7.05661
45.6496 0.864942 7.07648
45.6996 0.865271 7.09594
45.7496 0.865576 7.11672
45.7996 0.865874 7.12381
45.8496 0.866186 7.14033
45.8996 0.866483 7.15845
45.9496 0.866777 7.17824
45.9996 0.86706 7.19877
46.0496 0.867338 7.21774
46.0996 0.867623 7.23823
46.1496 0.86789 7.25883
46.1996 0.868168 7.27905
46.2496 0.868421 7.3008
46.2996 0.868692 7.29765
46.3496 0.868963 7.31974
46.3996 0.869197 7.34243
46.4496 0.869447 7.36631
46.4996 0.869678 7.3893
46.5496 0.869902 7.4117
46.5996 0.870121 7.43386
46.6496 0.870335 7.45612
46.6996 0.870557 7.47889
46.7496 0.87076 7.5017
46.7996 0.870948 7.49021
46.8496 0.871135 7.50787
46.8996 0.871303 7.52866
46.9496 0.87147 7.55112
46.9996 0.871654 7.57293
47.0496 0.871821 7.59435
47.0996 0.872047 7.58878
47.1496 0.872218 7.5631
47.1996 0.872361 7.5822
47.2496 0.872499 7.60146
47.2996 0.87264 7.62005
47.3496 0.872765 7.63864
47.3996 0.872908 7.63196
47.4496 0.873093 7.60497
47.4996 0.873245 7.57953
47.5496 0.873391 7.58545
47.5996 0.873527 7.58848
47.6496 0.873658 7.58868
47.6996 0.873789 7.58797
47.7496 0.873916 7.58816
47.7996 0.874031 7.56236
47.8496 0.874143 7.55922
47.8996 0.87425 7.55882
47.9496 0.87436 7.55863
47.9996 0.874475 7.56016
48.0496 0.87458 7.56273
48.0996 0.874669 7.56614
48.1496 0.874757 7.54361
48.1996 0.874844 7.54954
48.2495 0.874932 7.55816
48.2995 0.875017 7.56747
48.3495 0.875089 7.5759
48.3995 0.875162 7.58525
48.4495 0.875265 7.53337
48.4995 0.875344 7.5372
48.5495 0.875413 7.54699
48.5995 0.87547 7.55617
48.6495 0.875532 7.56543
48.6995 0.875593 7.57325
48.7495 0.875655 7.57951
48.7995 0.875718 7.5859
48.8495 0.87577 7.5931
48.8995 0.875825 7.60102
48.9495 0.875883 7.60808
48.9995 0.875943 7.60792
49.0495 0.876004 7.61758
49.0995 0.876065 7.62699
49.1495 0.876136 7.61735
49.1995 0.876207 7.62377
49.2495 0.87628 7.63169
49.2995 0.876345 7.63934
49.3495 0.87642 7.60069
49.3995 0.876494 7.6047
49.4495 0.876586 7.56995
49.4995 0.876681 7.56601
49.5495 0.876758 7.56614
49.5995 0.876832 7.56472
49.6495 0.876923 7.56065
49.6995 0.877022 7.55605
49.7495 0.877114 7.55392
49.7995 0.877188 7.55369
49.8495 0.877268 7.55531
49.8995 0.877351 7.54052
49.9495 0.877434 7.53797
49.9995 0.877515 7.5371
50.0495 0.877593 7.53375
50.0995 0.877673 7.52554
50.1495 0.877778 7.50886
50.1995 0.877864 7.50798
50.2495 0.877947 7.50877
50.2995 0.878025 7.50923
50.3495 0.878117 7.49183
50.3995 0.878204 7.49212
50.4495 0.878284 7.48775
50.4995 0.878588 7.4521
50.5495 0.878685 7.45089
50.5995 0.878791 7.45103
50.6495 0.878911 7.45072
50.6995 0.879107 7.44858
50.7495 0.879272 7.44739
50.7995 0.879426 7.44606
50.8495 0.879586 7.44632
50.8995 0.879747 7.43634
50.9495 0.879918 7.43153
50.9995 0.880076 7.43187
51.0495 0.880236 7.43286
51.0995 0.880379 7.42951
51.1495 0.880525 7.43334
51.1995 0.880684 7.43608
51.2495 0.880816 7.4386
51.2995 0.880972 7.44229
51.3495 0.881113 7.44601
51.3995 0.88125 7.44934
51.4495 0.881389 7.45412
51.4995 0.881723 7.43398
51.5495 0.881854 7.43887
51.5995 0.881974 7.44365
51.6495 0.882098 7.44933
51.6995 0.882241 7.45441
51.7495 0.882376 7.45871
51.7995 0.882513 7.46294
51.8495 0.882667 7.44695
51.8995 0.882802 7.44837
51.9495 0.882981 7.40765
51.9995 0.883114 7.40809
52.0495 0.883257 7.40606
52.0995 0.883396 7.40398
52.1495 0.883539 7.40063
52.1995 0.88369 7.39489
52.2495 0.88383 7.38866
52.2995 0.883978 7.38286
52.3495 0.884129 7.37695
52.3995 0.884276 7.37154
52.4495 0.884422 7.36744
52.4995 0.884572 7.34952
52.5495 0.884713 7.34503
52.5995 0.884857 7.34312
52.6495 0.885003 7.34175
52.6995 0.885156 7.34125
52.7495 0.885297 7.34133
52.7995 0.88544 7.34292
52.8495 0.885592 7.34394
52.8995 0.88573 7.34532
52.9495 0.885891 7.3417
52.9995 0.886052 7.34738
53.0495 0.886188 7.35516
53.0995 0.886346 7.36157
53.1495 0.886506 7.37091
53.1995 0.886654 7.37899
53.2495 0.886816 7.30069
53.2995 0.886968 7.30867
53.3495 0.887123 7.31644
53.3995 0.887271 7.32301
53.4495 0.887431 7.32739
53.4995 0.887601 7.32762
53.5495 0.887749 7.32765
53.5995 0.887916 7.32735
53.6495 0.888087 7.32675
53.6995 0.888244 7.32917
53.7495 0.888402 7.33132
53.7995 0.88857 7.33423
53.8495 0.888718 7.31951
53.8995 0.888872 7.29052
53.9495 0.889047 7.29138
53.9995 0.889206 7.29249
54.0495 0.889351 7.2918
54.0995 0.889502 7.25832
54.1495 0.889653 7.2559
54.1995 0.889787 7.25534
54.2495 0.889921 7.2403
54.2995 0.890077 7.23644
54.3495 0.89021 7.23626
54.3995 0.890356 7.23323
54.4495 0.890526 7.231
54.4995 0.890664 7.22961
54.5495 0.890805 7.22665
54.5995 0.890971 7.22496
54.6495 0.891105 7.2225
54.6995 0.891252 7.21946
54.7495 0.891401 7.21498
54.7994 0.89156 7.19862
54.8494 0.891699 7.19709
54.8994 0.891841 7.18798
54.9494 0.892003 7.18441
54.9994 0.892147 7.18172
55.0494 0.892295 7.18174
55.0994 0.89246 7.17791
55.1494 0.892593 7.18102
55.1994 0.892755 7.1807
55.2494 0.89293 7.18299
55.2994 0.893078 7.18444
55.3494 0.89323 7.18653
55.3994 0.893404 7.18704
55.4494 0.893556 7.18917
55.4994 0.893726 7.18839
55.5494 0.89389 7.18723
55.5994 0.894068 7.18871
55.6494 0.894227 7.19124
55.6994 0.894406 7.19336
55.7494 0.894606 7.19591
55.7994 0.894772 7.18879
55.8494 0.894953 7.19147
55.8994 0.895152 7.19297
55.9494 0.895338 7.19583
55.9994 0.895518 7.19745
56.0494 0.895711 7.20165
56.0994 0.895874 7.20716
56.1494 0.896049 7.21267
56.1994 0.896245 7.21646
56.2494 0.89642 7.21291
56.2994 0.89659 7.17809
56.3494 0.896768 7.16839
56.3994 0.896958 7.17134
56.4494 0.897133 7.17276
56.4994 0.897318 7.17295
56.5494 0.897514 7.1718
56.5994 0.897678 7.16006
56.6494 0.897864 7.14975
56.6994 0.898064 7.14585
56.7494 0.898231 7.14437
56.7994 0.898413 7.1459
56.8494 0.898618 7.14473
56.8994 0.898777 7.1464
56.9494 0.898958 7.14959
56.9994 0.899146 7.15078
57.0494 0.899315 7.15516
57.0994 0.899484 7.15776
57.1494 0.899649 7.16366
57.1994 0.89983 7.16931
57.2494 0.899982 7.17263
57.2994 0.900138 7.16602
57.3494 0.900315 7.1695
57.3994 0.900445 7.17663
57.4494 0.900586 7.18254
57.4994 0.900723 7.16276
57.5494 0.900876 7.15944
57.5994 0.901003 7.1542
57.6494 0.901116 7.16618
57.6994 0.901238 7.17771
57.7494 0.90136 7.18727
57.7994 0.901498 7.1952
57.8494 0.901601 7.20302
57.8994 0.901664 7.16189
57.9494 0.901729 7.16668
57.9994 0.901797 7.17292
58.0494 0.90186 7.14405
58.0994 0.901921 7.14665
58.1494 0.901975 7.14948
58.1994 0.902033 7.149
58.2494 0.902093 7.1479
58.2994 0.902144 7.11972
58.3494 0.902198 7.11595
58.3994 0.902248 7.11209
58.4494 0.9023 7.10824
58.4994 0.902348 7.09923
58.5494 0.902387 7.09668
58.5994 0.902421 7.09099
58.6494 0.902449 7.09299
58.6994 0.90248 7.09208
58.7494 0.902518 7.09374
58.7994 0.902543 7.09494
58.8494 0.902562 7.09629
58.8994 0.902582 7.09605
58.9494 0.90266 7.07076
58.9994 0.902692 7.07711
59.0494 0.902714 7.06576
59.0994 0.902736 7.07168
59.1494 0.902763 7.07745
59.1994 0.902792 7.08124
59.2494 0.902828 7.08512
59.2994 0.90286 7.08754
59.3494 0.902891 7.09253
59.3994 0.902924 7.09585
59.4494 0.902957 7.10056
59.4994 0.90299 7.10321
59.5494 0.903023 7.10613
59.5994 0.903047 7.1105
59.6494 0.903078 7.1159
59.6994 0.903104 7.12137
59.7494 0.903129 7.12588
59.7994 0.903158 7.13294
59.8494 0.90318 7.14099
59.8994 0.903204 7.14569
59.9494 0.903226 7.14617
59.9994 0.903247 7.15406
60.0494 0.903262 7.16275
60.0994 0.903277 7.17164
60.1494 0.903294 7.18067
60.1994 0.90331 7.1893
60.2494 0.903324 7.19967
60.2994 0.903345 7.17505
60.3494 0.903358 7.17964
60.3994 0.903372 7.18575
60.4494 0.903387 7.19132
60.4994 0.903399 7.19642
60.5494 0.903412 7.20027
60.5994 0.903424 7.19886
60.6494 0.903439 7.1898
